Task ID,Job ID,Arrival min,Arrival max,Cost min,Cost max,Deadline,Priority
7,0,0,356,0,1086,10000,10000
7,1,10000,10356,0,1573,20000,10000
7,2,20000,20356,0,1086,30000,10000
7,3,30000,30356,0,1573,40000,10000
7,4,40000,40356,0,1086,50000,10000
7,5,50000,50356,0,1573,60000,10000
7,6,60000,60356,0,1086,70000,10000
7,7,70000,70356,0,1573,80000,10000
7,8,80000,80356,0,1086,90000,10000
7,9,90000,90356,0,1573,100000,10000
7,10,100000,100356,0,1086,110000,10000
7,11,110000,110356,0,1573,120000,10000
7,12,120000,120356,0,1086,130000,10000
7,13,130000,130356,0,1573,140000,10000
7,14,140000,140356,0,1086,150000,10000
7,15,150000,150356,0,1573,160000,10000
7,16,160000,160356,0,1086,170000,10000
7,17,170000,170356,0,1573,180000,10000
7,18,180000,180356,0,1086,190000,10000
7,19,190000,190356,0,1573,200000,10000
7,20,200000,200356,0,1086,210000,10000
7,21,210000,210356,0,1573,220000,10000
7,22,220000,220356,0,1086,230000,10000
7,23,230000,230356,0,1573,240000,10000
7,24,240000,240356,0,1086,250000,10000
7,25,250000,250356,0,1573,260000,10000
7,26,260000,260356,0,1086,270000,10000
7,27,270000,270356,0,1573,280000,10000
7,28,280000,280356,0,1086,290000,10000
7,29,290000,290356,0,1573,300000,10000
7,30,300000,300356,0,1086,310000,10000
7,31,310000,310356,0,1573,320000,10000
7,32,320000,320356,0,1086,330000,10000
7,33,330000,330356,0,1573,340000,10000
7,34,340000,340356,0,1086,350000,10000
7,35,350000,350356,0,1573,360000,10000
7,36,360000,360356,0,1086,370000,10000
7,37,370000,370356,0,1573,380000,10000
7,38,380000,380356,0,1086,390000,10000
7,39,390000,390356,0,1573,400000,10000
7,40,400000,400356,0,1086,410000,10000
7,41,410000,410356,0,1573,420000,10000
7,42,420000,420356,0,1086,430000,10000
7,43,430000,430356,0,1573,440000,10000
7,44,440000,440356,0,1086,450000,10000
7,45,450000,450356,0,1573,460000,10000
7,46,460000,460356,0,1086,470000,10000
7,47,470000,470356,0,1573,480000,10000
7,48,480000,480356,0,1086,490000,10000
7,49,490000,490356,0,1573,500000,10000
7,50,500000,500356,0,1086,510000,10000
7,51,510000,510356,0,1573,520000,10000
7,52,520000,520356,0,1086,530000,10000
7,53,530000,530356,0,1573,540000,10000
7,54,540000,540356,0,1086,550000,10000
7,55,550000,550356,0,1573,560000,10000
7,56,560000,560356,0,1086,570000,10000
7,57,570000,570356,0,1573,580000,10000
7,58,580000,580356,0,1086,590000,10000
7,59,590000,590356,0,1573,600000,10000
7,60,600000,600356,0,1086,610000,10000
7,61,610000,610356,0,1573,620000,10000
7,62,620000,620356,0,1086,630000,10000
7,63,630000,630356,0,1573,640000,10000
7,64,640000,640356,0,1086,650000,10000
7,65,650000,650356,0,1573,660000,10000
7,66,660000,660356,0,1086,670000,10000
7,67,670000,670356,0,1573,680000,10000
7,68,680000,680356,0,1086,690000,10000
7,69,690000,690356,0,1573,700000,10000
7,70,700000,700356,0,1086,710000,10000
7,71,710000,710356,0,1573,720000,10000
7,72,720000,720356,0,1086,730000,10000
7,73,730000,730356,0,1573,740000,10000
7,74,740000,740356,0,1086,750000,10000
7,75,750000,750356,0,1573,760000,10000
7,76,760000,760356,0,1086,770000,10000
7,77,770000,770356,0,1573,780000,10000
7,78,780000,780356,0,1086,790000,10000
7,79,790000,790356,0,1573,800000,10000
7,80,800000,800356,0,1086,810000,10000
7,81,810000,810356,0,1573,820000,10000
7,82,820000,820356,0,1086,830000,10000
7,83,830000,830356,0,1573,840000,10000
7,84,840000,840356,0,1086,850000,10000
7,85,850000,850356,0,1573,860000,10000
7,86,860000,860356,0,1086,870000,10000
7,87,870000,870356,0,1573,880000,10000
7,88,880000,880356,0,1086,890000,10000
7,89,890000,890356,0,1573,900000,10000
7,90,900000,900356,0,1086,910000,10000
7,91,910000,910356,0,1573,920000,10000
7,92,920000,920356,0,1086,930000,10000
7,93,930000,930356,0,1573,940000,10000
7,94,940000,940356,0,1086,950000,10000
7,95,950000,950356,0,1573,960000,10000
7,96,960000,960356,0,1086,970000,10000
7,97,970000,970356,0,1573,980000,10000
7,98,980000,980356,0,1086,990000,10000
7,99,990000,990356,0,1573,1000000,10000
7,100,1000000,1000356,0,1086,1010000,10000
7,101,1010000,1010356,0,1573,1020000,10000
7,102,1020000,1020356,0,1086,1030000,10000
7,103,1030000,1030356,0,1573,1040000,10000
7,104,1040000,1040356,0,1086,1050000,10000
7,105,1050000,1050356,0,1573,1060000,10000
7,106,1060000,1060356,0,1086,1070000,10000
7,107,1070000,1070356,0,1573,1080000,10000
7,108,1080000,1080356,0,1086,1090000,10000
7,109,1090000,1090356,0,1573,1100000,10000
7,110,1100000,1100356,0,1086,1110000,10000
7,111,1110000,1110356,0,1573,1120000,10000
7,112,1120000,1120356,0,1086,1130000,10000
7,113,1130000,1130356,0,1573,1140000,10000
7,114,1140000,1140356,0,1086,1150000,10000
7,115,1150000,1150356,0,1573,1160000,10000
7,116,1160000,1160356,0,1086,1170000,10000
7,117,1170000,1170356,0,1573,1180000,10000
7,118,1180000,1180356,0,1086,1190000,10000
7,119,1190000,1190356,0,1573,1200000,10000
7,120,1200000,1200356,0,1086,1210000,10000
7,121,1210000,1210356,0,1573,1220000,10000
7,122,1220000,1220356,0,1086,1230000,10000
7,123,1230000,1230356,0,1573,1240000,10000
7,124,1240000,1240356,0,1086,1250000,10000
7,125,1250000,1250356,0,1573,1260000,10000
7,126,1260000,1260356,0,1086,1270000,10000
7,127,1270000,1270356,0,1573,1280000,10000
7,128,1280000,1280356,0,1086,1290000,10000
7,129,1290000,1290356,0,1573,1300000,10000
7,130,1300000,1300356,0,1086,1310000,10000
7,131,1310000,1310356,0,1573,1320000,10000
7,132,1320000,1320356,0,1086,1330000,10000
7,133,1330000,1330356,0,1573,1340000,10000
7,134,1340000,1340356,0,1086,1350000,10000
7,135,1350000,1350356,0,1573,1360000,10000
7,136,1360000,1360356,0,1086,1370000,10000
7,137,1370000,1370356,0,1573,1380000,10000
7,138,1380000,1380356,0,1086,1390000,10000
7,139,1390000,1390356,0,1573,1400000,10000
7,140,1400000,1400356,0,1086,1410000,10000
7,141,1410000,1410356,0,1573,1420000,10000
7,142,1420000,1420356,0,1086,1430000,10000
7,143,1430000,1430356,0,1573,1440000,10000
7,144,1440000,1440356,0,1086,1450000,10000
7,145,1450000,1450356,0,1573,1460000,10000
7,146,1460000,1460356,0,1086,1470000,10000
7,147,1470000,1470356,0,1573,1480000,10000
7,148,1480000,1480356,0,1086,1490000,10000
7,149,1490000,1490356,0,1573,1500000,10000
7,150,1500000,1500356,0,1086,1510000,10000
7,151,1510000,1510356,0,1573,1520000,10000
7,152,1520000,1520356,0,1086,1530000,10000
7,153,1530000,1530356,0,1573,1540000,10000
7,154,1540000,1540356,0,1086,1550000,10000
7,155,1550000,1550356,0,1573,1560000,10000
7,156,1560000,1560356,0,1086,1570000,10000
7,157,1570000,1570356,0,1573,1580000,10000
7,158,1580000,1580356,0,1086,1590000,10000
7,159,1590000,1590356,0,1573,1600000,10000
7,160,1600000,1600356,0,1086,1610000,10000
7,161,1610000,1610356,0,1573,1620000,10000
7,162,1620000,1620356,0,1086,1630000,10000
7,163,1630000,1630356,0,1573,1640000,10000
7,164,1640000,1640356,0,1086,1650000,10000
7,165,1650000,1650356,0,1573,1660000,10000
7,166,1660000,1660356,0,1086,1670000,10000
7,167,1670000,1670356,0,1573,1680000,10000
7,168,1680000,1680356,0,1086,1690000,10000
7,169,1690000,1690356,0,1573,1700000,10000
7,170,1700000,1700356,0,1086,1710000,10000
7,171,1710000,1710356,0,1573,1720000,10000
7,172,1720000,1720356,0,1086,1730000,10000
7,173,1730000,1730356,0,1573,1740000,10000
7,174,1740000,1740356,0,1086,1750000,10000
7,175,1750000,1750356,0,1573,1760000,10000
7,176,1760000,1760356,0,1086,1770000,10000
7,177,1770000,1770356,0,1573,1780000,10000
7,178,1780000,1780356,0,1086,1790000,10000
7,179,1790000,1790356,0,1573,1800000,10000
7,180,1800000,1800356,0,1086,1810000,10000
7,181,1810000,1810356,0,1573,1820000,10000
7,182,1820000,1820356,0,1086,1830000,10000
7,183,1830000,1830356,0,1573,1840000,10000
7,184,1840000,1840356,0,1086,1850000,10000
7,185,1850000,1850356,0,1573,1860000,10000
7,186,1860000,1860356,0,1086,1870000,10000
7,187,1870000,1870356,0,1573,1880000,10000
7,188,1880000,1880356,0,1086,1890000,10000
7,189,1890000,1890356,0,1573,1900000,10000
7,190,1900000,1900356,0,1086,1910000,10000
7,191,1910000,1910356,0,1573,1920000,10000
7,192,1920000,1920356,0,1086,1930000,10000
7,193,1930000,1930356,0,1573,1940000,10000
7,194,1940000,1940356,0,1086,1950000,10000
7,195,1950000,1950356,0,1573,1960000,10000
7,196,1960000,1960356,0,1086,1970000,10000
7,197,1970000,1970356,0,1573,1980000,10000
7,198,1980000,1980356,0,1086,1990000,10000
7,199,1990000,1990356,0,1573,2000000,10000
7,200,2000000,2000356,0,1086,2010000,10000
7,201,2010000,2010356,0,1573,2020000,10000
7,202,2020000,2020356,0,1086,2030000,10000
7,203,2030000,2030356,0,1573,2040000,10000
7,204,2040000,2040356,0,1086,2050000,10000
7,205,2050000,2050356,0,1573,2060000,10000
7,206,2060000,2060356,0,1086,2070000,10000
7,207,2070000,2070356,0,1573,2080000,10000
7,208,2080000,2080356,0,1086,2090000,10000
7,209,2090000,2090356,0,1573,2100000,10000
7,210,2100000,2100356,0,1086,2110000,10000
7,211,2110000,2110356,0,1573,2120000,10000
7,212,2120000,2120356,0,1086,2130000,10000
7,213,2130000,2130356,0,1573,2140000,10000
7,214,2140000,2140356,0,1086,2150000,10000
7,215,2150000,2150356,0,1573,2160000,10000
7,216,2160000,2160356,0,1086,2170000,10000
7,217,2170000,2170356,0,1573,2180000,10000
7,218,2180000,2180356,0,1086,2190000,10000
7,219,2190000,2190356,0,1573,2200000,10000
6,0,0,356,0,1186,250000,250000
6,1,250000,250356,0,1148,437000,187000
6,2,437000,437356,0,1284,624000,187000
6,3,624000,624356,0,1750,1000000,376000
6,4,1000000,1000356,0,1186,1250000,250000
6,5,1250000,1250356,0,1148,1437000,187000
6,6,1437000,1437356,0,1284,1624000,187000
6,7,1624000,1624356,0,1750,2000000,376000
5,0,0,356,0,11401,25000,25000
5,1,25000,25356,0,1130,43000,18000
5,2,43000,43356,0,3616,62000,19000
5,3,62000,62356,0,1116,100000,38000
5,4,100000,100356,0,11401,125000,25000
5,5,125000,125356,0,1130,143000,18000
5,6,143000,143356,0,3616,162000,19000
5,7,162000,162356,0,1116,200000,38000
5,8,200000,200356,0,11401,225000,25000
5,9,225000,225356,0,1130,243000,18000
5,10,243000,243356,0,3616,262000,19000
5,11,262000,262356,0,1116,300000,38000
5,12,300000,300356,0,11401,325000,25000
5,13,325000,325356,0,1130,343000,18000
5,14,343000,343356,0,3616,362000,19000
5,15,362000,362356,0,1116,400000,38000
5,16,400000,400356,0,11401,425000,25000
5,17,425000,425356,0,1130,443000,18000
5,18,443000,443356,0,3616,462000,19000
5,19,462000,462356,0,1116,500000,38000
5,20,500000,500356,0,11401,525000,25000
5,21,525000,525356,0,1130,543000,18000
5,22,543000,543356,0,3616,562000,19000
5,23,562000,562356,0,1116,600000,38000
5,24,600000,600356,0,11401,625000,25000
5,25,625000,625356,0,1130,643000,18000
5,26,643000,643356,0,3616,662000,19000
5,27,662000,662356,0,1116,700000,38000
5,28,700000,700356,0,11401,725000,25000
5,29,725000,725356,0,1130,743000,18000
5,30,743000,743356,0,3616,762000,19000
5,31,762000,762356,0,1116,800000,38000
5,32,800000,800356,0,11401,825000,25000
5,33,825000,825356,0,1130,843000,18000
5,34,843000,843356,0,3616,862000,19000
5,35,862000,862356,0,1116,900000,38000
5,36,900000,900356,0,11401,925000,25000
5,37,925000,925356,0,1130,943000,18000
5,38,943000,943356,0,3616,962000,19000
5,39,962000,962356,0,1116,1000000,38000
5,40,1000000,1000356,0,11401,1025000,25000
5,41,1025000,1025356,0,1130,1043000,18000
5,42,1043000,1043356,0,3616,1062000,19000
5,43,1062000,1062356,0,1116,1100000,38000
5,44,1100000,1100356,0,11401,1125000,25000
5,45,1125000,1125356,0,1130,1143000,18000
5,46,1143000,1143356,0,3616,1162000,19000
5,47,1162000,1162356,0,1116,1200000,38000
5,48,1200000,1200356,0,11401,1225000,25000
5,49,1225000,1225356,0,1130,1243000,18000
5,50,1243000,1243356,0,3616,1262000,19000
5,51,1262000,1262356,0,1116,1300000,38000
5,52,1300000,1300356,0,11401,1325000,25000
5,53,1325000,1325356,0,1130,1343000,18000
5,54,1343000,1343356,0,3616,1362000,19000
5,55,1362000,1362356,0,1116,1400000,38000
5,56,1400000,1400356,0,11401,1425000,25000
5,57,1425000,1425356,0,1130,1443000,18000
5,58,1443000,1443356,0,3616,1462000,19000
5,59,1462000,1462356,0,1116,1500000,38000
5,60,1500000,1500356,0,11401,1525000,25000
5,61,1525000,1525356,0,1130,1543000,18000
5,62,1543000,1543356,0,3616,1562000,19000
5,63,1562000,1562356,0,1116,1600000,38000
5,64,1600000,1600356,0,11401,1625000,25000
5,65,1625000,1625356,0,1130,1643000,18000
5,66,1643000,1643356,0,3616,1662000,19000
5,67,1662000,1662356,0,1116,1700000,38000
5,68,1700000,1700356,0,11401,1725000,25000
5,69,1725000,1725356,0,1130,1743000,18000
5,70,1743000,1743356,0,3616,1762000,19000
5,71,1762000,1762356,0,1116,1800000,38000
5,72,1800000,1800356,0,11401,1825000,25000
5,73,1825000,1825356,0,1130,1843000,18000
5,74,1843000,1843356,0,3616,1862000,19000
5,75,1862000,1862356,0,1116,1900000,38000
5,76,1900000,1900356,0,11401,1925000,25000
5,77,1925000,1925356,0,1130,1943000,18000
5,78,1943000,1943356,0,3616,1962000,19000
5,79,1962000,1962356,0,1116,2000000,38000
5,80,2000000,2000356,0,11401,2025000,25000
5,81,2025000,2025356,0,1130,2043000,18000
5,82,2043000,2043356,0,3616,2062000,19000
5,83,2062000,2062356,0,1116,2100000,38000
5,84,2100000,2100356,0,11401,2125000,25000
5,85,2125000,2125356,0,1130,2143000,18000
5,86,2143000,2143356,0,3616,2162000,19000
5,87,2162000,2162356,0,1116,2200000,38000
4,0,0,356,0,5298,25000,25000
4,1,25000,25356,0,979,43000,18000
4,2,43000,43356,0,1144,62000,19000
4,3,62000,62356,0,2324,100000,38000
4,4,100000,100356,0,5298,125000,25000
4,5,125000,125356,0,979,143000,18000
4,6,143000,143356,0,1144,162000,19000
4,7,162000,162356,0,2324,200000,38000
4,8,200000,200356,0,5298,225000,25000
4,9,225000,225356,0,979,243000,18000
4,10,243000,243356,0,1144,262000,19000
4,11,262000,262356,0,2324,300000,38000
4,12,300000,300356,0,5298,325000,25000
4,13,325000,325356,0,979,343000,18000
4,14,343000,343356,0,1144,362000,19000
4,15,362000,362356,0,2324,400000,38000
4,16,400000,400356,0,5298,425000,25000
4,17,425000,425356,0,979,443000,18000
4,18,443000,443356,0,1144,462000,19000
4,19,462000,462356,0,2324,500000,38000
4,20,500000,500356,0,5298,525000,25000
4,21,525000,525356,0,979,543000,18000
4,22,543000,543356,0,1144,562000,19000
4,23,562000,562356,0,2324,600000,38000
4,24,600000,600356,0,5298,625000,25000
4,25,625000,625356,0,979,643000,18000
4,26,643000,643356,0,1144,662000,19000
4,27,662000,662356,0,2324,700000,38000
4,28,700000,700356,0,5298,725000,25000
4,29,725000,725356,0,979,743000,18000
4,30,743000,743356,0,1144,762000,19000
4,31,762000,762356,0,2324,800000,38000
4,32,800000,800356,0,5298,825000,25000
4,33,825000,825356,0,979,843000,18000
4,34,843000,843356,0,1144,862000,19000
4,35,862000,862356,0,2324,900000,38000
4,36,900000,900356,0,5298,925000,25000
4,37,925000,925356,0,979,943000,18000
4,38,943000,943356,0,1144,962000,19000
4,39,962000,962356,0,2324,1000000,38000
4,40,1000000,1000356,0,5298,1025000,25000
4,41,1025000,1025356,0,979,1043000,18000
4,42,1043000,1043356,0,1144,1062000,19000
4,43,1062000,1062356,0,2324,1100000,38000
4,44,1100000,1100356,0,5298,1125000,25000
4,45,1125000,1125356,0,979,1143000,18000
4,46,1143000,1143356,0,1144,1162000,19000
4,47,1162000,1162356,0,2324,1200000,38000
4,48,1200000,1200356,0,5298,1225000,25000
4,49,1225000,1225356,0,979,1243000,18000
4,50,1243000,1243356,0,1144,1262000,19000
4,51,1262000,1262356,0,2324,1300000,38000
4,52,1300000,1300356,0,5298,1325000,25000
4,53,1325000,1325356,0,979,1343000,18000
4,54,1343000,1343356,0,1144,1362000,19000
4,55,1362000,1362356,0,2324,1400000,38000
4,56,1400000,1400356,0,5298,1425000,25000
4,57,1425000,1425356,0,979,1443000,18000
4,58,1443000,1443356,0,1144,1462000,19000
4,59,1462000,1462356,0,2324,1500000,38000
4,60,1500000,1500356,0,5298,1525000,25000
4,61,1525000,1525356,0,979,1543000,18000
4,62,1543000,1543356,0,1144,1562000,19000
4,63,1562000,1562356,0,2324,1600000,38000
4,64,1600000,1600356,0,5298,1625000,25000
4,65,1625000,1625356,0,979,1643000,18000
4,66,1643000,1643356,0,1144,1662000,19000
4,67,1662000,1662356,0,2324,1700000,38000
4,68,1700000,1700356,0,5298,1725000,25000
4,69,1725000,1725356,0,979,1743000,18000
4,70,1743000,1743356,0,1144,1762000,19000
4,71,1762000,1762356,0,2324,1800000,38000
4,72,1800000,1800356,0,5298,1825000,25000
4,73,1825000,1825356,0,979,1843000,18000
4,74,1843000,1843356,0,1144,1862000,19000
4,75,1862000,1862356,0,2324,1900000,38000
4,76,1900000,1900356,0,5298,1925000,25000
4,77,1925000,1925356,0,979,1943000,18000
4,78,1943000,1943356,0,1144,1962000,19000
4,79,1962000,1962356,0,2324,2000000,38000
4,80,2000000,2000356,0,5298,2025000,25000
4,81,2025000,2025356,0,979,2043000,18000
4,82,2043000,2043356,0,1144,2062000,19000
4,83,2062000,2062356,0,2324,2100000,38000
4,84,2100000,2100356,0,5298,2125000,25000
4,85,2125000,2125356,0,979,2143000,18000
4,86,2143000,2143356,0,1144,2162000,19000
4,87,2162000,2162356,0,2324,2200000,38000
3,0,0,356,0,960,50000,50000
3,1,50000,50356,0,1064,100000,50000
3,2,100000,100356,0,960,150000,50000
3,3,150000,150356,0,1064,200000,50000
3,4,200000,200356,0,960,250000,50000
3,5,250000,250356,0,1064,300000,50000
3,6,300000,300356,0,960,350000,50000
3,7,350000,350356,0,1064,400000,50000
3,8,400000,400356,0,960,450000,50000
3,9,450000,450356,0,1064,500000,50000
3,10,500000,500356,0,960,550000,50000
3,11,550000,550356,0,1064,600000,50000
3,12,600000,600356,0,960,650000,50000
3,13,650000,650356,0,1064,700000,50000
3,14,700000,700356,0,960,750000,50000
3,15,750000,750356,0,1064,800000,50000
3,16,800000,800356,0,960,850000,50000
3,17,850000,850356,0,1064,900000,50000
3,18,900000,900356,0,960,950000,50000
3,19,950000,950356,0,1064,1000000,50000
3,20,1000000,1000356,0,960,1050000,50000
3,21,1050000,1050356,0,1064,1100000,50000
3,22,1100000,1100356,0,960,1150000,50000
3,23,1150000,1150356,0,1064,1200000,50000
3,24,1200000,1200356,0,960,1250000,50000
3,25,1250000,1250356,0,1064,1300000,50000
3,26,1300000,1300356,0,960,1350000,50000
3,27,1350000,1350356,0,1064,1400000,50000
3,28,1400000,1400356,0,960,1450000,50000
3,29,1450000,1450356,0,1064,1500000,50000
3,30,1500000,1500356,0,960,1550000,50000
3,31,1550000,1550356,0,1064,1600000,50000
3,32,1600000,1600356,0,960,1650000,50000
3,33,1650000,1650356,0,1064,1700000,50000
3,34,1700000,1700356,0,960,1750000,50000
3,35,1750000,1750356,0,1064,1800000,50000
3,36,1800000,1800356,0,960,1850000,50000
3,37,1850000,1850356,0,1064,1900000,50000
3,38,1900000,1900356,0,960,1950000,50000
3,39,1950000,1950356,0,1064,2000000,50000
3,40,2000000,2000356,0,960,2050000,50000
3,41,2050000,2050356,0,1064,2100000,50000
3,42,2100000,2100356,0,960,2150000,50000
3,43,2150000,2150356,0,1064,2200000,50000
2,0,0,356,0,1282,5000,5000
2,1,5000,5356,0,1585,10000,5000
2,2,10000,10356,0,1282,15000,5000
2,3,15000,15356,0,1585,20000,5000
2,4,20000,20356,0,1282,25000,5000
2,5,25000,25356,0,1585,30000,5000
2,6,30000,30356,0,1282,35000,5000
2,7,35000,35356,0,1585,40000,5000
2,8,40000,40356,0,1282,45000,5000
2,9,45000,45356,0,1585,50000,5000
2,10,50000,50356,0,1282,55000,5000
2,11,55000,55356,0,1585,60000,5000
2,12,60000,60356,0,1282,65000,5000
2,13,65000,65356,0,1585,70000,5000
2,14,70000,70356,0,1282,75000,5000
2,15,75000,75356,0,1585,80000,5000
2,16,80000,80356,0,1282,85000,5000
2,17,85000,85356,0,1585,90000,5000
2,18,90000,90356,0,1282,95000,5000
2,19,95000,95356,0,1585,100000,5000
2,20,100000,100356,0,1282,105000,5000
2,21,105000,105356,0,1585,110000,5000
2,22,110000,110356,0,1282,115000,5000
2,23,115000,115356,0,1585,120000,5000
2,24,120000,120356,0,1282,125000,5000
2,25,125000,125356,0,1585,130000,5000
2,26,130000,130356,0,1282,135000,5000
2,27,135000,135356,0,1585,140000,5000
2,28,140000,140356,0,1282,145000,5000
2,29,145000,145356,0,1585,150000,5000
2,30,150000,150356,0,1282,155000,5000
2,31,155000,155356,0,1585,160000,5000
2,32,160000,160356,0,1282,165000,5000
2,33,165000,165356,0,1585,170000,5000
2,34,170000,170356,0,1282,175000,5000
2,35,175000,175356,0,1585,180000,5000
2,36,180000,180356,0,1282,185000,5000
2,37,185000,185356,0,1585,190000,5000
2,38,190000,190356,0,1282,195000,5000
2,39,195000,195356,0,1585,200000,5000
2,40,200000,200356,0,1282,205000,5000
2,41,205000,205356,0,1585,210000,5000
2,42,210000,210356,0,1282,215000,5000
2,43,215000,215356,0,1585,220000,5000
2,44,220000,220356,0,1282,225000,5000
2,45,225000,225356,0,1585,230000,5000
2,46,230000,230356,0,1282,235000,5000
2,47,235000,235356,0,1585,240000,5000
2,48,240000,240356,0,1282,245000,5000
2,49,245000,245356,0,1585,250000,5000
2,50,250000,250356,0,1282,255000,5000
2,51,255000,255356,0,1585,260000,5000
2,52,260000,260356,0,1282,265000,5000
2,53,265000,265356,0,1585,270000,5000
2,54,270000,270356,0,1282,275000,5000
2,55,275000,275356,0,1585,280000,5000
2,56,280000,280356,0,1282,285000,5000
2,57,285000,285356,0,1585,290000,5000
2,58,290000,290356,0,1282,295000,5000
2,59,295000,295356,0,1585,300000,5000
2,60,300000,300356,0,1282,305000,5000
2,61,305000,305356,0,1585,310000,5000
2,62,310000,310356,0,1282,315000,5000
2,63,315000,315356,0,1585,320000,5000
2,64,320000,320356,0,1282,325000,5000
2,65,325000,325356,0,1585,330000,5000
2,66,330000,330356,0,1282,335000,5000
2,67,335000,335356,0,1585,340000,5000
2,68,340000,340356,0,1282,345000,5000
2,69,345000,345356,0,1585,350000,5000
2,70,350000,350356,0,1282,355000,5000
2,71,355000,355356,0,1585,360000,5000
2,72,360000,360356,0,1282,365000,5000
2,73,365000,365356,0,1585,370000,5000
2,74,370000,370356,0,1282,375000,5000
2,75,375000,375356,0,1585,380000,5000
2,76,380000,380356,0,1282,385000,5000
2,77,385000,385356,0,1585,390000,5000
2,78,390000,390356,0,1282,395000,5000
2,79,395000,395356,0,1585,400000,5000
2,80,400000,400356,0,1282,405000,5000
2,81,405000,405356,0,1585,410000,5000
2,82,410000,410356,0,1282,415000,5000
2,83,415000,415356,0,1585,420000,5000
2,84,420000,420356,0,1282,425000,5000
2,85,425000,425356,0,1585,430000,5000
2,86,430000,430356,0,1282,435000,5000
2,87,435000,435356,0,1585,440000,5000
2,88,440000,440356,0,1282,445000,5000
2,89,445000,445356,0,1585,450000,5000
2,90,450000,450356,0,1282,455000,5000
2,91,455000,455356,0,1585,460000,5000
2,92,460000,460356,0,1282,465000,5000
2,93,465000,465356,0,1585,470000,5000
2,94,470000,470356,0,1282,475000,5000
2,95,475000,475356,0,1585,480000,5000
2,96,480000,480356,0,1282,485000,5000
2,97,485000,485356,0,1585,490000,5000
2,98,490000,490356,0,1282,495000,5000
2,99,495000,495356,0,1585,500000,5000
2,100,500000,500356,0,1282,505000,5000
2,101,505000,505356,0,1585,510000,5000
2,102,510000,510356,0,1282,515000,5000
2,103,515000,515356,0,1585,520000,5000
2,104,520000,520356,0,1282,525000,5000
2,105,525000,525356,0,1585,530000,5000
2,106,530000,530356,0,1282,535000,5000
2,107,535000,535356,0,1585,540000,5000
2,108,540000,540356,0,1282,545000,5000
2,109,545000,545356,0,1585,550000,5000
2,110,550000,550356,0,1282,555000,5000
2,111,555000,555356,0,1585,560000,5000
2,112,560000,560356,0,1282,565000,5000
2,113,565000,565356,0,1585,570000,5000
2,114,570000,570356,0,1282,575000,5000
2,115,575000,575356,0,1585,580000,5000
2,116,580000,580356,0,1282,585000,5000
2,117,585000,585356,0,1585,590000,5000
2,118,590000,590356,0,1282,595000,5000
2,119,595000,595356,0,1585,600000,5000
2,120,600000,600356,0,1282,605000,5000
2,121,605000,605356,0,1585,610000,5000
2,122,610000,610356,0,1282,615000,5000
2,123,615000,615356,0,1585,620000,5000
2,124,620000,620356,0,1282,625000,5000
2,125,625000,625356,0,1585,630000,5000
2,126,630000,630356,0,1282,635000,5000
2,127,635000,635356,0,1585,640000,5000
2,128,640000,640356,0,1282,645000,5000
2,129,645000,645356,0,1585,650000,5000
2,130,650000,650356,0,1282,655000,5000
2,131,655000,655356,0,1585,660000,5000
2,132,660000,660356,0,1282,665000,5000
2,133,665000,665356,0,1585,670000,5000
2,134,670000,670356,0,1282,675000,5000
2,135,675000,675356,0,1585,680000,5000
2,136,680000,680356,0,1282,685000,5000
2,137,685000,685356,0,1585,690000,5000
2,138,690000,690356,0,1282,695000,5000
2,139,695000,695356,0,1585,700000,5000
2,140,700000,700356,0,1282,705000,5000
2,141,705000,705356,0,1585,710000,5000
2,142,710000,710356,0,1282,715000,5000
2,143,715000,715356,0,1585,720000,5000
2,144,720000,720356,0,1282,725000,5000
2,145,725000,725356,0,1585,730000,5000
2,146,730000,730356,0,1282,735000,5000
2,147,735000,735356,0,1585,740000,5000
2,148,740000,740356,0,1282,745000,5000
2,149,745000,745356,0,1585,750000,5000
2,150,750000,750356,0,1282,755000,5000
2,151,755000,755356,0,1585,760000,5000
2,152,760000,760356,0,1282,765000,5000
2,153,765000,765356,0,1585,770000,5000
2,154,770000,770356,0,1282,775000,5000
2,155,775000,775356,0,1585,780000,5000
2,156,780000,780356,0,1282,785000,5000
2,157,785000,785356,0,1585,790000,5000
2,158,790000,790356,0,1282,795000,5000
2,159,795000,795356,0,1585,800000,5000
2,160,800000,800356,0,1282,805000,5000
2,161,805000,805356,0,1585,810000,5000
2,162,810000,810356,0,1282,815000,5000
2,163,815000,815356,0,1585,820000,5000
2,164,820000,820356,0,1282,825000,5000
2,165,825000,825356,0,1585,830000,5000
2,166,830000,830356,0,1282,835000,5000
2,167,835000,835356,0,1585,840000,5000
2,168,840000,840356,0,1282,845000,5000
2,169,845000,845356,0,1585,850000,5000
2,170,850000,850356,0,1282,855000,5000
2,171,855000,855356,0,1585,860000,5000
2,172,860000,860356,0,1282,865000,5000
2,173,865000,865356,0,1585,870000,5000
2,174,870000,870356,0,1282,875000,5000
2,175,875000,875356,0,1585,880000,5000
2,176,880000,880356,0,1282,885000,5000
2,177,885000,885356,0,1585,890000,5000
2,178,890000,890356,0,1282,895000,5000
2,179,895000,895356,0,1585,900000,5000
2,180,900000,900356,0,1282,905000,5000
2,181,905000,905356,0,1585,910000,5000
2,182,910000,910356,0,1282,915000,5000
2,183,915000,915356,0,1585,920000,5000
2,184,920000,920356,0,1282,925000,5000
2,185,925000,925356,0,1585,930000,5000
2,186,930000,930356,0,1282,935000,5000
2,187,935000,935356,0,1585,940000,5000
2,188,940000,940356,0,1282,945000,5000
2,189,945000,945356,0,1585,950000,5000
2,190,950000,950356,0,1282,955000,5000
2,191,955000,955356,0,1585,960000,5000
2,192,960000,960356,0,1282,965000,5000
2,193,965000,965356,0,1585,970000,5000
2,194,970000,970356,0,1282,975000,5000
2,195,975000,975356,0,1585,980000,5000
2,196,980000,980356,0,1282,985000,5000
2,197,985000,985356,0,1585,990000,5000
2,198,990000,990356,0,1282,995000,5000
2,199,995000,995356,0,1585,1000000,5000
2,200,1000000,1000356,0,1282,1005000,5000
2,201,1005000,1005356,0,1585,1010000,5000
2,202,1010000,1010356,0,1282,1015000,5000
2,203,1015000,1015356,0,1585,1020000,5000
2,204,1020000,1020356,0,1282,1025000,5000
2,205,1025000,1025356,0,1585,1030000,5000
2,206,1030000,1030356,0,1282,1035000,5000
2,207,1035000,1035356,0,1585,1040000,5000
2,208,1040000,1040356,0,1282,1045000,5000
2,209,1045000,1045356,0,1585,1050000,5000
2,210,1050000,1050356,0,1282,1055000,5000
2,211,1055000,1055356,0,1585,1060000,5000
2,212,1060000,1060356,0,1282,1065000,5000
2,213,1065000,1065356,0,1585,1070000,5000
2,214,1070000,1070356,0,1282,1075000,5000
2,215,1075000,1075356,0,1585,1080000,5000
2,216,1080000,1080356,0,1282,1085000,5000
2,217,1085000,1085356,0,1585,1090000,5000
2,218,1090000,1090356,0,1282,1095000,5000
2,219,1095000,1095356,0,1585,1100000,5000
2,220,1100000,1100356,0,1282,1105000,5000
2,221,1105000,1105356,0,1585,1110000,5000
2,222,1110000,1110356,0,1282,1115000,5000
2,223,1115000,1115356,0,1585,1120000,5000
2,224,1120000,1120356,0,1282,1125000,5000
2,225,1125000,1125356,0,1585,1130000,5000
2,226,1130000,1130356,0,1282,1135000,5000
2,227,1135000,1135356,0,1585,1140000,5000
2,228,1140000,1140356,0,1282,1145000,5000
2,229,1145000,1145356,0,1585,1150000,5000
2,230,1150000,1150356,0,1282,1155000,5000
2,231,1155000,1155356,0,1585,1160000,5000
2,232,1160000,1160356,0,1282,1165000,5000
2,233,1165000,1165356,0,1585,1170000,5000
2,234,1170000,1170356,0,1282,1175000,5000
2,235,1175000,1175356,0,1585,1180000,5000
2,236,1180000,1180356,0,1282,1185000,5000
2,237,1185000,1185356,0,1585,1190000,5000
2,238,1190000,1190356,0,1282,1195000,5000
2,239,1195000,1195356,0,1585,1200000,5000
2,240,1200000,1200356,0,1282,1205000,5000
2,241,1205000,1205356,0,1585,1210000,5000
2,242,1210000,1210356,0,1282,1215000,5000
2,243,1215000,1215356,0,1585,1220000,5000
2,244,1220000,1220356,0,1282,1225000,5000
2,245,1225000,1225356,0,1585,1230000,5000
2,246,1230000,1230356,0,1282,1235000,5000
2,247,1235000,1235356,0,1585,1240000,5000
2,248,1240000,1240356,0,1282,1245000,5000
2,249,1245000,1245356,0,1585,1250000,5000
2,250,1250000,1250356,0,1282,1255000,5000
2,251,1255000,1255356,0,1585,1260000,5000
2,252,1260000,1260356,0,1282,1265000,5000
2,253,1265000,1265356,0,1585,1270000,5000
2,254,1270000,1270356,0,1282,1275000,5000
2,255,1275000,1275356,0,1585,1280000,5000
2,256,1280000,1280356,0,1282,1285000,5000
2,257,1285000,1285356,0,1585,1290000,5000
2,258,1290000,1290356,0,1282,1295000,5000
2,259,1295000,1295356,0,1585,1300000,5000
2,260,1300000,1300356,0,1282,1305000,5000
2,261,1305000,1305356,0,1585,1310000,5000
2,262,1310000,1310356,0,1282,1315000,5000
2,263,1315000,1315356,0,1585,1320000,5000
2,264,1320000,1320356,0,1282,1325000,5000
2,265,1325000,1325356,0,1585,1330000,5000
2,266,1330000,1330356,0,1282,1335000,5000
2,267,1335000,1335356,0,1585,1340000,5000
2,268,1340000,1340356,0,1282,1345000,5000
2,269,1345000,1345356,0,1585,1350000,5000
2,270,1350000,1350356,0,1282,1355000,5000
2,271,1355000,1355356,0,1585,1360000,5000
2,272,1360000,1360356,0,1282,1365000,5000
2,273,1365000,1365356,0,1585,1370000,5000
2,274,1370000,1370356,0,1282,1375000,5000
2,275,1375000,1375356,0,1585,1380000,5000
2,276,1380000,1380356,0,1282,1385000,5000
2,277,1385000,1385356,0,1585,1390000,5000
2,278,1390000,1390356,0,1282,1395000,5000
2,279,1395000,1395356,0,1585,1400000,5000
2,280,1400000,1400356,0,1282,1405000,5000
2,281,1405000,1405356,0,1585,1410000,5000
2,282,1410000,1410356,0,1282,1415000,5000
2,283,1415000,1415356,0,1585,1420000,5000
2,284,1420000,1420356,0,1282,1425000,5000
2,285,1425000,1425356,0,1585,1430000,5000
2,286,1430000,1430356,0,1282,1435000,5000
2,287,1435000,1435356,0,1585,1440000,5000
2,288,1440000,1440356,0,1282,1445000,5000
2,289,1445000,1445356,0,1585,1450000,5000
2,290,1450000,1450356,0,1282,1455000,5000
2,291,1455000,1455356,0,1585,1460000,5000
2,292,1460000,1460356,0,1282,1465000,5000
2,293,1465000,1465356,0,1585,1470000,5000
2,294,1470000,1470356,0,1282,1475000,5000
2,295,1475000,1475356,0,1585,1480000,5000
2,296,1480000,1480356,0,1282,1485000,5000
2,297,1485000,1485356,0,1585,1490000,5000
2,298,1490000,1490356,0,1282,1495000,5000
2,299,1495000,1495356,0,1585,1500000,5000
2,300,1500000,1500356,0,1282,1505000,5000
2,301,1505000,1505356,0,1585,1510000,5000
2,302,1510000,1510356,0,1282,1515000,5000
2,303,1515000,1515356,0,1585,1520000,5000
2,304,1520000,1520356,0,1282,1525000,5000
2,305,1525000,1525356,0,1585,1530000,5000
2,306,1530000,1530356,0,1282,1535000,5000
2,307,1535000,1535356,0,1585,1540000,5000
2,308,1540000,1540356,0,1282,1545000,5000
2,309,1545000,1545356,0,1585,1550000,5000
2,310,1550000,1550356,0,1282,1555000,5000
2,311,1555000,1555356,0,1585,1560000,5000
2,312,1560000,1560356,0,1282,1565000,5000
2,313,1565000,1565356,0,1585,1570000,5000
2,314,1570000,1570356,0,1282,1575000,5000
2,315,1575000,1575356,0,1585,1580000,5000
2,316,1580000,1580356,0,1282,1585000,5000
2,317,1585000,1585356,0,1585,1590000,5000
2,318,1590000,1590356,0,1282,1595000,5000
2,319,1595000,1595356,0,1585,1600000,5000
2,320,1600000,1600356,0,1282,1605000,5000
2,321,1605000,1605356,0,1585,1610000,5000
2,322,1610000,1610356,0,1282,1615000,5000
2,323,1615000,1615356,0,1585,1620000,5000
2,324,1620000,1620356,0,1282,1625000,5000
2,325,1625000,1625356,0,1585,1630000,5000
2,326,1630000,1630356,0,1282,1635000,5000
2,327,1635000,1635356,0,1585,1640000,5000
2,328,1640000,1640356,0,1282,1645000,5000
2,329,1645000,1645356,0,1585,1650000,5000
2,330,1650000,1650356,0,1282,1655000,5000
2,331,1655000,1655356,0,1585,1660000,5000
2,332,1660000,1660356,0,1282,1665000,5000
2,333,1665000,1665356,0,1585,1670000,5000
2,334,1670000,1670356,0,1282,1675000,5000
2,335,1675000,1675356,0,1585,1680000,5000
2,336,1680000,1680356,0,1282,1685000,5000
2,337,1685000,1685356,0,1585,1690000,5000
2,338,1690000,1690356,0,1282,1695000,5000
2,339,1695000,1695356,0,1585,1700000,5000
2,340,1700000,1700356,0,1282,1705000,5000
2,341,1705000,1705356,0,1585,1710000,5000
2,342,1710000,1710356,0,1282,1715000,5000
2,343,1715000,1715356,0,1585,1720000,5000
2,344,1720000,1720356,0,1282,1725000,5000
2,345,1725000,1725356,0,1585,1730000,5000
2,346,1730000,1730356,0,1282,1735000,5000
2,347,1735000,1735356,0,1585,1740000,5000
2,348,1740000,1740356,0,1282,1745000,5000
2,349,1745000,1745356,0,1585,1750000,5000
2,350,1750000,1750356,0,1282,1755000,5000
2,351,1755000,1755356,0,1585,1760000,5000
2,352,1760000,1760356,0,1282,1765000,5000
2,353,1765000,1765356,0,1585,1770000,5000
2,354,1770000,1770356,0,1282,1775000,5000
2,355,1775000,1775356,0,1585,1780000,5000
2,356,1780000,1780356,0,1282,1785000,5000
2,357,1785000,1785356,0,1585,1790000,5000
2,358,1790000,1790356,0,1282,1795000,5000
2,359,1795000,1795356,0,1585,1800000,5000
2,360,1800000,1800356,0,1282,1805000,5000
2,361,1805000,1805356,0,1585,1810000,5000
2,362,1810000,1810356,0,1282,1815000,5000
2,363,1815000,1815356,0,1585,1820000,5000
2,364,1820000,1820356,0,1282,1825000,5000
2,365,1825000,1825356,0,1585,1830000,5000
2,366,1830000,1830356,0,1282,1835000,5000
2,367,1835000,1835356,0,1585,1840000,5000
2,368,1840000,1840356,0,1282,1845000,5000
2,369,1845000,1845356,0,1585,1850000,5000
2,370,1850000,1850356,0,1282,1855000,5000
2,371,1855000,1855356,0,1585,1860000,5000
2,372,1860000,1860356,0,1282,1865000,5000
2,373,1865000,1865356,0,1585,1870000,5000
2,374,1870000,1870356,0,1282,1875000,5000
2,375,1875000,1875356,0,1585,1880000,5000
2,376,1880000,1880356,0,1282,1885000,5000
2,377,1885000,1885356,0,1585,1890000,5000
2,378,1890000,1890356,0,1282,1895000,5000
2,379,1895000,1895356,0,1585,1900000,5000
2,380,1900000,1900356,0,1282,1905000,5000
2,381,1905000,1905356,0,1585,1910000,5000
2,382,1910000,1910356,0,1282,1915000,5000
2,383,1915000,1915356,0,1585,1920000,5000
2,384,1920000,1920356,0,1282,1925000,5000
2,385,1925000,1925356,0,1585,1930000,5000
2,386,1930000,1930356,0,1282,1935000,5000
2,387,1935000,1935356,0,1585,1940000,5000
2,388,1940000,1940356,0,1282,1945000,5000
2,389,1945000,1945356,0,1585,1950000,5000
2,390,1950000,1950356,0,1282,1955000,5000
2,391,1955000,1955356,0,1585,1960000,5000
2,392,1960000,1960356,0,1282,1965000,5000
2,393,1965000,1965356,0,1585,1970000,5000
2,394,1970000,1970356,0,1282,1975000,5000
2,395,1975000,1975356,0,1585,1980000,5000
2,396,1980000,1980356,0,1282,1985000,5000
2,397,1985000,1985356,0,1585,1990000,5000
2,398,1990000,1990356,0,1282,1995000,5000
2,399,1995000,1995356,0,1585,2000000,5000
2,400,2000000,2000356,0,1282,2005000,5000
2,401,2005000,2005356,0,1585,2010000,5000
2,402,2010000,2010356,0,1282,2015000,5000
2,403,2015000,2015356,0,1585,2020000,5000
2,404,2020000,2020356,0,1282,2025000,5000
2,405,2025000,2025356,0,1585,2030000,5000
2,406,2030000,2030356,0,1282,2035000,5000
2,407,2035000,2035356,0,1585,2040000,5000
2,408,2040000,2040356,0,1282,2045000,5000
2,409,2045000,2045356,0,1585,2050000,5000
2,410,2050000,2050356,0,1282,2055000,5000
2,411,2055000,2055356,0,1585,2060000,5000
2,412,2060000,2060356,0,1282,2065000,5000
2,413,2065000,2065356,0,1585,2070000,5000
2,414,2070000,2070356,0,1282,2075000,5000
2,415,2075000,2075356,0,1585,2080000,5000
2,416,2080000,2080356,0,1282,2085000,5000
2,417,2085000,2085356,0,1585,2090000,5000
2,418,2090000,2090356,0,1282,2095000,5000
2,419,2095000,2095356,0,1585,2100000,5000
2,420,2100000,2100356,0,1282,2105000,5000
2,421,2105000,2105356,0,1585,2110000,5000
2,422,2110000,2110356,0,1282,2115000,5000
2,423,2115000,2115356,0,1585,2120000,5000
2,424,2120000,2120356,0,1282,2125000,5000
2,425,2125000,2125356,0,1585,2130000,5000
2,426,2130000,2130356,0,1282,2135000,5000
2,427,2135000,2135356,0,1585,2140000,5000
2,428,2140000,2140356,0,1282,2145000,5000
2,429,2145000,2145356,0,1585,2150000,5000
2,430,2150000,2150356,0,1282,2155000,5000
2,431,2155000,2155356,0,1585,2160000,5000
2,432,2160000,2160356,0,1282,2165000,5000
2,433,2165000,2165356,0,1585,2170000,5000
2,434,2170000,2170356,0,1282,2175000,5000
2,435,2175000,2175356,0,1585,2180000,5000
2,436,2180000,2180356,0,1282,2185000,5000
2,437,2185000,2185356,0,1585,2190000,5000
2,438,2190000,2190356,0,1282,2195000,5000
2,439,2195000,2195356,0,1585,2200000,5000
2,440,2200000,2200356,0,1282,2205000,5000
2,441,2205000,2205356,0,1585,2210000,5000
1,0,0,356,0,666,2000,2000
1,1,2000,2356,0,1105,4000,2000
1,2,4000,4356,0,1605,6000,2000
1,3,6000,6356,0,1619,10000,4000
1,4,10000,10356,0,666,12000,2000
1,5,12000,12356,0,1105,14000,2000
1,6,14000,14356,0,1605,16000,2000
1,7,16000,16356,0,1619,20000,4000
1,8,20000,20356,0,666,22000,2000
1,9,22000,22356,0,1105,24000,2000
1,10,24000,24356,0,1605,26000,2000
1,11,26000,26356,0,1619,30000,4000
1,12,30000,30356,0,666,32000,2000
1,13,32000,32356,0,1105,34000,2000
1,14,34000,34356,0,1605,36000,2000
1,15,36000,36356,0,1619,40000,4000
1,16,40000,40356,0,666,42000,2000
1,17,42000,42356,0,1105,44000,2000
1,18,44000,44356,0,1605,46000,2000
1,19,46000,46356,0,1619,50000,4000
1,20,50000,50356,0,666,52000,2000
1,21,52000,52356,0,1105,54000,2000
1,22,54000,54356,0,1605,56000,2000
1,23,56000,56356,0,1619,60000,4000
1,24,60000,60356,0,666,62000,2000
1,25,62000,62356,0,1105,64000,2000
1,26,64000,64356,0,1605,66000,2000
1,27,66000,66356,0,1619,70000,4000
1,28,70000,70356,0,666,72000,2000
1,29,72000,72356,0,1105,74000,2000
1,30,74000,74356,0,1605,76000,2000
1,31,76000,76356,0,1619,80000,4000
1,32,80000,80356,0,666,82000,2000
1,33,82000,82356,0,1105,84000,2000
1,34,84000,84356,0,1605,86000,2000
1,35,86000,86356,0,1619,90000,4000
1,36,90000,90356,0,666,92000,2000
1,37,92000,92356,0,1105,94000,2000
1,38,94000,94356,0,1605,96000,2000
1,39,96000,96356,0,1619,100000,4000
1,40,100000,100356,0,666,102000,2000
1,41,102000,102356,0,1105,104000,2000
1,42,104000,104356,0,1605,106000,2000
1,43,106000,106356,0,1619,110000,4000
1,44,110000,110356,0,666,112000,2000
1,45,112000,112356,0,1105,114000,2000
1,46,114000,114356,0,1605,116000,2000
1,47,116000,116356,0,1619,120000,4000
1,48,120000,120356,0,666,122000,2000
1,49,122000,122356,0,1105,124000,2000
1,50,124000,124356,0,1605,126000,2000
1,51,126000,126356,0,1619,130000,4000
1,52,130000,130356,0,666,132000,2000
1,53,132000,132356,0,1105,134000,2000
1,54,134000,134356,0,1605,136000,2000
1,55,136000,136356,0,1619,140000,4000
1,56,140000,140356,0,666,142000,2000
1,57,142000,142356,0,1105,144000,2000
1,58,144000,144356,0,1605,146000,2000
1,59,146000,146356,0,1619,150000,4000
1,60,150000,150356,0,666,152000,2000
1,61,152000,152356,0,1105,154000,2000
1,62,154000,154356,0,1605,156000,2000
1,63,156000,156356,0,1619,160000,4000
1,64,160000,160356,0,666,162000,2000
1,65,162000,162356,0,1105,164000,2000
1,66,164000,164356,0,1605,166000,2000
1,67,166000,166356,0,1619,170000,4000
1,68,170000,170356,0,666,172000,2000
1,69,172000,172356,0,1105,174000,2000
1,70,174000,174356,0,1605,176000,2000
1,71,176000,176356,0,1619,180000,4000
1,72,180000,180356,0,666,182000,2000
1,73,182000,182356,0,1105,184000,2000
1,74,184000,184356,0,1605,186000,2000
1,75,186000,186356,0,1619,190000,4000
1,76,190000,190356,0,666,192000,2000
1,77,192000,192356,0,1105,194000,2000
1,78,194000,194356,0,1605,196000,2000
1,79,196000,196356,0,1619,200000,4000
1,80,200000,200356,0,666,202000,2000
1,81,202000,202356,0,1105,204000,2000
1,82,204000,204356,0,1605,206000,2000
1,83,206000,206356,0,1619,210000,4000
1,84,210000,210356,0,666,212000,2000
1,85,212000,212356,0,1105,214000,2000
1,86,214000,214356,0,1605,216000,2000
1,87,216000,216356,0,1619,220000,4000
1,88,220000,220356,0,666,222000,2000
1,89,222000,222356,0,1105,224000,2000
1,90,224000,224356,0,1605,226000,2000
1,91,226000,226356,0,1619,230000,4000
1,92,230000,230356,0,666,232000,2000
1,93,232000,232356,0,1105,234000,2000
1,94,234000,234356,0,1605,236000,2000
1,95,236000,236356,0,1619,240000,4000
1,96,240000,240356,0,666,242000,2000
1,97,242000,242356,0,1105,244000,2000
1,98,244000,244356,0,1605,246000,2000
1,99,246000,246356,0,1619,250000,4000
1,100,250000,250356,0,666,252000,2000
1,101,252000,252356,0,1105,254000,2000
1,102,254000,254356,0,1605,256000,2000
1,103,256000,256356,0,1619,260000,4000
1,104,260000,260356,0,666,262000,2000
1,105,262000,262356,0,1105,264000,2000
1,106,264000,264356,0,1605,266000,2000
1,107,266000,266356,0,1619,270000,4000
1,108,270000,270356,0,666,272000,2000
1,109,272000,272356,0,1105,274000,2000
1,110,274000,274356,0,1605,276000,2000
1,111,276000,276356,0,1619,280000,4000
1,112,280000,280356,0,666,282000,2000
1,113,282000,282356,0,1105,284000,2000
1,114,284000,284356,0,1605,286000,2000
1,115,286000,286356,0,1619,290000,4000
1,116,290000,290356,0,666,292000,2000
1,117,292000,292356,0,1105,294000,2000
1,118,294000,294356,0,1605,296000,2000
1,119,296000,296356,0,1619,300000,4000
1,120,300000,300356,0,666,302000,2000
1,121,302000,302356,0,1105,304000,2000
1,122,304000,304356,0,1605,306000,2000
1,123,306000,306356,0,1619,310000,4000
1,124,310000,310356,0,666,312000,2000
1,125,312000,312356,0,1105,314000,2000
1,126,314000,314356,0,1605,316000,2000
1,127,316000,316356,0,1619,320000,4000
1,128,320000,320356,0,666,322000,2000
1,129,322000,322356,0,1105,324000,2000
1,130,324000,324356,0,1605,326000,2000
1,131,326000,326356,0,1619,330000,4000
1,132,330000,330356,0,666,332000,2000
1,133,332000,332356,0,1105,334000,2000
1,134,334000,334356,0,1605,336000,2000
1,135,336000,336356,0,1619,340000,4000
1,136,340000,340356,0,666,342000,2000
1,137,342000,342356,0,1105,344000,2000
1,138,344000,344356,0,1605,346000,2000
1,139,346000,346356,0,1619,350000,4000
1,140,350000,350356,0,666,352000,2000
1,141,352000,352356,0,1105,354000,2000
1,142,354000,354356,0,1605,356000,2000
1,143,356000,356356,0,1619,360000,4000
1,144,360000,360356,0,666,362000,2000
1,145,362000,362356,0,1105,364000,2000
1,146,364000,364356,0,1605,366000,2000
1,147,366000,366356,0,1619,370000,4000
1,148,370000,370356,0,666,372000,2000
1,149,372000,372356,0,1105,374000,2000
1,150,374000,374356,0,1605,376000,2000
1,151,376000,376356,0,1619,380000,4000
1,152,380000,380356,0,666,382000,2000
1,153,382000,382356,0,1105,384000,2000
1,154,384000,384356,0,1605,386000,2000
1,155,386000,386356,0,1619,390000,4000
1,156,390000,390356,0,666,392000,2000
1,157,392000,392356,0,1105,394000,2000
1,158,394000,394356,0,1605,396000,2000
1,159,396000,396356,0,1619,400000,4000
1,160,400000,400356,0,666,402000,2000
1,161,402000,402356,0,1105,404000,2000
1,162,404000,404356,0,1605,406000,2000
1,163,406000,406356,0,1619,410000,4000
1,164,410000,410356,0,666,412000,2000
1,165,412000,412356,0,1105,414000,2000
1,166,414000,414356,0,1605,416000,2000
1,167,416000,416356,0,1619,420000,4000
1,168,420000,420356,0,666,422000,2000
1,169,422000,422356,0,1105,424000,2000
1,170,424000,424356,0,1605,426000,2000
1,171,426000,426356,0,1619,430000,4000
1,172,430000,430356,0,666,432000,2000
1,173,432000,432356,0,1105,434000,2000
1,174,434000,434356,0,1605,436000,2000
1,175,436000,436356,0,1619,440000,4000
1,176,440000,440356,0,666,442000,2000
1,177,442000,442356,0,1105,444000,2000
1,178,444000,444356,0,1605,446000,2000
1,179,446000,446356,0,1619,450000,4000
1,180,450000,450356,0,666,452000,2000
1,181,452000,452356,0,1105,454000,2000
1,182,454000,454356,0,1605,456000,2000
1,183,456000,456356,0,1619,460000,4000
1,184,460000,460356,0,666,462000,2000
1,185,462000,462356,0,1105,464000,2000
1,186,464000,464356,0,1605,466000,2000
1,187,466000,466356,0,1619,470000,4000
1,188,470000,470356,0,666,472000,2000
1,189,472000,472356,0,1105,474000,2000
1,190,474000,474356,0,1605,476000,2000
1,191,476000,476356,0,1619,480000,4000
1,192,480000,480356,0,666,482000,2000
1,193,482000,482356,0,1105,484000,2000
1,194,484000,484356,0,1605,486000,2000
1,195,486000,486356,0,1619,490000,4000
1,196,490000,490356,0,666,492000,2000
1,197,492000,492356,0,1105,494000,2000
1,198,494000,494356,0,1605,496000,2000
1,199,496000,496356,0,1619,500000,4000
1,200,500000,500356,0,666,502000,2000
1,201,502000,502356,0,1105,504000,2000
1,202,504000,504356,0,1605,506000,2000
1,203,506000,506356,0,1619,510000,4000
1,204,510000,510356,0,666,512000,2000
1,205,512000,512356,0,1105,514000,2000
1,206,514000,514356,0,1605,516000,2000
1,207,516000,516356,0,1619,520000,4000
1,208,520000,520356,0,666,522000,2000
1,209,522000,522356,0,1105,524000,2000
1,210,524000,524356,0,1605,526000,2000
1,211,526000,526356,0,1619,530000,4000
1,212,530000,530356,0,666,532000,2000
1,213,532000,532356,0,1105,534000,2000
1,214,534000,534356,0,1605,536000,2000
1,215,536000,536356,0,1619,540000,4000
1,216,540000,540356,0,666,542000,2000
1,217,542000,542356,0,1105,544000,2000
1,218,544000,544356,0,1605,546000,2000
1,219,546000,546356,0,1619,550000,4000
1,220,550000,550356,0,666,552000,2000
1,221,552000,552356,0,1105,554000,2000
1,222,554000,554356,0,1605,556000,2000
1,223,556000,556356,0,1619,560000,4000
1,224,560000,560356,0,666,562000,2000
1,225,562000,562356,0,1105,564000,2000
1,226,564000,564356,0,1605,566000,2000
1,227,566000,566356,0,1619,570000,4000
1,228,570000,570356,0,666,572000,2000
1,229,572000,572356,0,1105,574000,2000
1,230,574000,574356,0,1605,576000,2000
1,231,576000,576356,0,1619,580000,4000
1,232,580000,580356,0,666,582000,2000
1,233,582000,582356,0,1105,584000,2000
1,234,584000,584356,0,1605,586000,2000
1,235,586000,586356,0,1619,590000,4000
1,236,590000,590356,0,666,592000,2000
1,237,592000,592356,0,1105,594000,2000
1,238,594000,594356,0,1605,596000,2000
1,239,596000,596356,0,1619,600000,4000
1,240,600000,600356,0,666,602000,2000
1,241,602000,602356,0,1105,604000,2000
1,242,604000,604356,0,1605,606000,2000
1,243,606000,606356,0,1619,610000,4000
1,244,610000,610356,0,666,612000,2000
1,245,612000,612356,0,1105,614000,2000
1,246,614000,614356,0,1605,616000,2000
1,247,616000,616356,0,1619,620000,4000
1,248,620000,620356,0,666,622000,2000
1,249,622000,622356,0,1105,624000,2000
1,250,624000,624356,0,1605,626000,2000
1,251,626000,626356,0,1619,630000,4000
1,252,630000,630356,0,666,632000,2000
1,253,632000,632356,0,1105,634000,2000
1,254,634000,634356,0,1605,636000,2000
1,255,636000,636356,0,1619,640000,4000
1,256,640000,640356,0,666,642000,2000
1,257,642000,642356,0,1105,644000,2000
1,258,644000,644356,0,1605,646000,2000
1,259,646000,646356,0,1619,650000,4000
1,260,650000,650356,0,666,652000,2000
1,261,652000,652356,0,1105,654000,2000
1,262,654000,654356,0,1605,656000,2000
1,263,656000,656356,0,1619,660000,4000
1,264,660000,660356,0,666,662000,2000
1,265,662000,662356,0,1105,664000,2000
1,266,664000,664356,0,1605,666000,2000
1,267,666000,666356,0,1619,670000,4000
1,268,670000,670356,0,666,672000,2000
1,269,672000,672356,0,1105,674000,2000
1,270,674000,674356,0,1605,676000,2000
1,271,676000,676356,0,1619,680000,4000
1,272,680000,680356,0,666,682000,2000
1,273,682000,682356,0,1105,684000,2000
1,274,684000,684356,0,1605,686000,2000
1,275,686000,686356,0,1619,690000,4000
1,276,690000,690356,0,666,692000,2000
1,277,692000,692356,0,1105,694000,2000
1,278,694000,694356,0,1605,696000,2000
1,279,696000,696356,0,1619,700000,4000
1,280,700000,700356,0,666,702000,2000
1,281,702000,702356,0,1105,704000,2000
1,282,704000,704356,0,1605,706000,2000
1,283,706000,706356,0,1619,710000,4000
1,284,710000,710356,0,666,712000,2000
1,285,712000,712356,0,1105,714000,2000
1,286,714000,714356,0,1605,716000,2000
1,287,716000,716356,0,1619,720000,4000
1,288,720000,720356,0,666,722000,2000
1,289,722000,722356,0,1105,724000,2000
1,290,724000,724356,0,1605,726000,2000
1,291,726000,726356,0,1619,730000,4000
1,292,730000,730356,0,666,732000,2000
1,293,732000,732356,0,1105,734000,2000
1,294,734000,734356,0,1605,736000,2000
1,295,736000,736356,0,1619,740000,4000
1,296,740000,740356,0,666,742000,2000
1,297,742000,742356,0,1105,744000,2000
1,298,744000,744356,0,1605,746000,2000
1,299,746000,746356,0,1619,750000,4000
1,300,750000,750356,0,666,752000,2000
1,301,752000,752356,0,1105,754000,2000
1,302,754000,754356,0,1605,756000,2000
1,303,756000,756356,0,1619,760000,4000
1,304,760000,760356,0,666,762000,2000
1,305,762000,762356,0,1105,764000,2000
1,306,764000,764356,0,1605,766000,2000
1,307,766000,766356,0,1619,770000,4000
1,308,770000,770356,0,666,772000,2000
1,309,772000,772356,0,1105,774000,2000
1,310,774000,774356,0,1605,776000,2000
1,311,776000,776356,0,1619,780000,4000
1,312,780000,780356,0,666,782000,2000
1,313,782000,782356,0,1105,784000,2000
1,314,784000,784356,0,1605,786000,2000
1,315,786000,786356,0,1619,790000,4000
1,316,790000,790356,0,666,792000,2000
1,317,792000,792356,0,1105,794000,2000
1,318,794000,794356,0,1605,796000,2000
1,319,796000,796356,0,1619,800000,4000
1,320,800000,800356,0,666,802000,2000
1,321,802000,802356,0,1105,804000,2000
1,322,804000,804356,0,1605,806000,2000
1,323,806000,806356,0,1619,810000,4000
1,324,810000,810356,0,666,812000,2000
1,325,812000,812356,0,1105,814000,2000
1,326,814000,814356,0,1605,816000,2000
1,327,816000,816356,0,1619,820000,4000
1,328,820000,820356,0,666,822000,2000
1,329,822000,822356,0,1105,824000,2000
1,330,824000,824356,0,1605,826000,2000
1,331,826000,826356,0,1619,830000,4000
1,332,830000,830356,0,666,832000,2000
1,333,832000,832356,0,1105,834000,2000
1,334,834000,834356,0,1605,836000,2000
1,335,836000,836356,0,1619,840000,4000
1,336,840000,840356,0,666,842000,2000
1,337,842000,842356,0,1105,844000,2000
1,338,844000,844356,0,1605,846000,2000
1,339,846000,846356,0,1619,850000,4000
1,340,850000,850356,0,666,852000,2000
1,341,852000,852356,0,1105,854000,2000
1,342,854000,854356,0,1605,856000,2000
1,343,856000,856356,0,1619,860000,4000
1,344,860000,860356,0,666,862000,2000
1,345,862000,862356,0,1105,864000,2000
1,346,864000,864356,0,1605,866000,2000
1,347,866000,866356,0,1619,870000,4000
1,348,870000,870356,0,666,872000,2000
1,349,872000,872356,0,1105,874000,2000
1,350,874000,874356,0,1605,876000,2000
1,351,876000,876356,0,1619,880000,4000
1,352,880000,880356,0,666,882000,2000
1,353,882000,882356,0,1105,884000,2000
1,354,884000,884356,0,1605,886000,2000
1,355,886000,886356,0,1619,890000,4000
1,356,890000,890356,0,666,892000,2000
1,357,892000,892356,0,1105,894000,2000
1,358,894000,894356,0,1605,896000,2000
1,359,896000,896356,0,1619,900000,4000
1,360,900000,900356,0,666,902000,2000
1,361,902000,902356,0,1105,904000,2000
1,362,904000,904356,0,1605,906000,2000
1,363,906000,906356,0,1619,910000,4000
1,364,910000,910356,0,666,912000,2000
1,365,912000,912356,0,1105,914000,2000
1,366,914000,914356,0,1605,916000,2000
1,367,916000,916356,0,1619,920000,4000
1,368,920000,920356,0,666,922000,2000
1,369,922000,922356,0,1105,924000,2000
1,370,924000,924356,0,1605,926000,2000
1,371,926000,926356,0,1619,930000,4000
1,372,930000,930356,0,666,932000,2000
1,373,932000,932356,0,1105,934000,2000
1,374,934000,934356,0,1605,936000,2000
1,375,936000,936356,0,1619,940000,4000
1,376,940000,940356,0,666,942000,2000
1,377,942000,942356,0,1105,944000,2000
1,378,944000,944356,0,1605,946000,2000
1,379,946000,946356,0,1619,950000,4000
1,380,950000,950356,0,666,952000,2000
1,381,952000,952356,0,1105,954000,2000
1,382,954000,954356,0,1605,956000,2000
1,383,956000,956356,0,1619,960000,4000
1,384,960000,960356,0,666,962000,2000
1,385,962000,962356,0,1105,964000,2000
1,386,964000,964356,0,1605,966000,2000
1,387,966000,966356,0,1619,970000,4000
1,388,970000,970356,0,666,972000,2000
1,389,972000,972356,0,1105,974000,2000
1,390,974000,974356,0,1605,976000,2000
1,391,976000,976356,0,1619,980000,4000
1,392,980000,980356,0,666,982000,2000
1,393,982000,982356,0,1105,984000,2000
1,394,984000,984356,0,1605,986000,2000
1,395,986000,986356,0,1619,990000,4000
1,396,990000,990356,0,666,992000,2000
1,397,992000,992356,0,1105,994000,2000
1,398,994000,994356,0,1605,996000,2000
1,399,996000,996356,0,1619,1000000,4000
1,400,1000000,1000356,0,666,1002000,2000
1,401,1002000,1002356,0,1105,1004000,2000
1,402,1004000,1004356,0,1605,1006000,2000
1,403,1006000,1006356,0,1619,1010000,4000
1,404,1010000,1010356,0,666,1012000,2000
1,405,1012000,1012356,0,1105,1014000,2000
1,406,1014000,1014356,0,1605,1016000,2000
1,407,1016000,1016356,0,1619,1020000,4000
1,408,1020000,1020356,0,666,1022000,2000
1,409,1022000,1022356,0,1105,1024000,2000
1,410,1024000,1024356,0,1605,1026000,2000
1,411,1026000,1026356,0,1619,1030000,4000
1,412,1030000,1030356,0,666,1032000,2000
1,413,1032000,1032356,0,1105,1034000,2000
1,414,1034000,1034356,0,1605,1036000,2000
1,415,1036000,1036356,0,1619,1040000,4000
1,416,1040000,1040356,0,666,1042000,2000
1,417,1042000,1042356,0,1105,1044000,2000
1,418,1044000,1044356,0,1605,1046000,2000
1,419,1046000,1046356,0,1619,1050000,4000
1,420,1050000,1050356,0,666,1052000,2000
1,421,1052000,1052356,0,1105,1054000,2000
1,422,1054000,1054356,0,1605,1056000,2000
1,423,1056000,1056356,0,1619,1060000,4000
1,424,1060000,1060356,0,666,1062000,2000
1,425,1062000,1062356,0,1105,1064000,2000
1,426,1064000,1064356,0,1605,1066000,2000
1,427,1066000,1066356,0,1619,1070000,4000
1,428,1070000,1070356,0,666,1072000,2000
1,429,1072000,1072356,0,1105,1074000,2000
1,430,1074000,1074356,0,1605,1076000,2000
1,431,1076000,1076356,0,1619,1080000,4000
1,432,1080000,1080356,0,666,1082000,2000
1,433,1082000,1082356,0,1105,1084000,2000
1,434,1084000,1084356,0,1605,1086000,2000
1,435,1086000,1086356,0,1619,1090000,4000
1,436,1090000,1090356,0,666,1092000,2000
1,437,1092000,1092356,0,1105,1094000,2000
1,438,1094000,1094356,0,1605,1096000,2000
1,439,1096000,1096356,0,1619,1100000,4000
1,440,1100000,1100356,0,666,1102000,2000
1,441,1102000,1102356,0,1105,1104000,2000
1,442,1104000,1104356,0,1605,1106000,2000
1,443,1106000,1106356,0,1619,1110000,4000
1,444,1110000,1110356,0,666,1112000,2000
1,445,1112000,1112356,0,1105,1114000,2000
1,446,1114000,1114356,0,1605,1116000,2000
1,447,1116000,1116356,0,1619,1120000,4000
1,448,1120000,1120356,0,666,1122000,2000
1,449,1122000,1122356,0,1105,1124000,2000
1,450,1124000,1124356,0,1605,1126000,2000
1,451,1126000,1126356,0,1619,1130000,4000
1,452,1130000,1130356,0,666,1132000,2000
1,453,1132000,1132356,0,1105,1134000,2000
1,454,1134000,1134356,0,1605,1136000,2000
1,455,1136000,1136356,0,1619,1140000,4000
1,456,1140000,1140356,0,666,1142000,2000
1,457,1142000,1142356,0,1105,1144000,2000
1,458,1144000,1144356,0,1605,1146000,2000
1,459,1146000,1146356,0,1619,1150000,4000
1,460,1150000,1150356,0,666,1152000,2000
1,461,1152000,1152356,0,1105,1154000,2000
1,462,1154000,1154356,0,1605,1156000,2000
1,463,1156000,1156356,0,1619,1160000,4000
1,464,1160000,1160356,0,666,1162000,2000
1,465,1162000,1162356,0,1105,1164000,2000
1,466,1164000,1164356,0,1605,1166000,2000
1,467,1166000,1166356,0,1619,1170000,4000
1,468,1170000,1170356,0,666,1172000,2000
1,469,1172000,1172356,0,1105,1174000,2000
1,470,1174000,1174356,0,1605,1176000,2000
1,471,1176000,1176356,0,1619,1180000,4000
1,472,1180000,1180356,0,666,1182000,2000
1,473,1182000,1182356,0,1105,1184000,2000
1,474,1184000,1184356,0,1605,1186000,2000
1,475,1186000,1186356,0,1619,1190000,4000
1,476,1190000,1190356,0,666,1192000,2000
1,477,1192000,1192356,0,1105,1194000,2000
1,478,1194000,1194356,0,1605,1196000,2000
1,479,1196000,1196356,0,1619,1200000,4000
1,480,1200000,1200356,0,666,1202000,2000
1,481,1202000,1202356,0,1105,1204000,2000
1,482,1204000,1204356,0,1605,1206000,2000
1,483,1206000,1206356,0,1619,1210000,4000
1,484,1210000,1210356,0,666,1212000,2000
1,485,1212000,1212356,0,1105,1214000,2000
1,486,1214000,1214356,0,1605,1216000,2000
1,487,1216000,1216356,0,1619,1220000,4000
1,488,1220000,1220356,0,666,1222000,2000
1,489,1222000,1222356,0,1105,1224000,2000
1,490,1224000,1224356,0,1605,1226000,2000
1,491,1226000,1226356,0,1619,1230000,4000
1,492,1230000,1230356,0,666,1232000,2000
1,493,1232000,1232356,0,1105,1234000,2000
1,494,1234000,1234356,0,1605,1236000,2000
1,495,1236000,1236356,0,1619,1240000,4000
1,496,1240000,1240356,0,666,1242000,2000
1,497,1242000,1242356,0,1105,1244000,2000
1,498,1244000,1244356,0,1605,1246000,2000
1,499,1246000,1246356,0,1619,1250000,4000
1,500,1250000,1250356,0,666,1252000,2000
1,501,1252000,1252356,0,1105,1254000,2000
1,502,1254000,1254356,0,1605,1256000,2000
1,503,1256000,1256356,0,1619,1260000,4000
1,504,1260000,1260356,0,666,1262000,2000
1,505,1262000,1262356,0,1105,1264000,2000
1,506,1264000,1264356,0,1605,1266000,2000
1,507,1266000,1266356,0,1619,1270000,4000
1,508,1270000,1270356,0,666,1272000,2000
1,509,1272000,1272356,0,1105,1274000,2000
1,510,1274000,1274356,0,1605,1276000,2000
1,511,1276000,1276356,0,1619,1280000,4000
1,512,1280000,1280356,0,666,1282000,2000
1,513,1282000,1282356,0,1105,1284000,2000
1,514,1284000,1284356,0,1605,1286000,2000
1,515,1286000,1286356,0,1619,1290000,4000
1,516,1290000,1290356,0,666,1292000,2000
1,517,1292000,1292356,0,1105,1294000,2000
1,518,1294000,1294356,0,1605,1296000,2000
1,519,1296000,1296356,0,1619,1300000,4000
1,520,1300000,1300356,0,666,1302000,2000
1,521,1302000,1302356,0,1105,1304000,2000
1,522,1304000,1304356,0,1605,1306000,2000
1,523,1306000,1306356,0,1619,1310000,4000
1,524,1310000,1310356,0,666,1312000,2000
1,525,1312000,1312356,0,1105,1314000,2000
1,526,1314000,1314356,0,1605,1316000,2000
1,527,1316000,1316356,0,1619,1320000,4000
1,528,1320000,1320356,0,666,1322000,2000
1,529,1322000,1322356,0,1105,1324000,2000
1,530,1324000,1324356,0,1605,1326000,2000
1,531,1326000,1326356,0,1619,1330000,4000
1,532,1330000,1330356,0,666,1332000,2000
1,533,1332000,1332356,0,1105,1334000,2000
1,534,1334000,1334356,0,1605,1336000,2000
1,535,1336000,1336356,0,1619,1340000,4000
1,536,1340000,1340356,0,666,1342000,2000
1,537,1342000,1342356,0,1105,1344000,2000
1,538,1344000,1344356,0,1605,1346000,2000
1,539,1346000,1346356,0,1619,1350000,4000
1,540,1350000,1350356,0,666,1352000,2000
1,541,1352000,1352356,0,1105,1354000,2000
1,542,1354000,1354356,0,1605,1356000,2000
1,543,1356000,1356356,0,1619,1360000,4000
1,544,1360000,1360356,0,666,1362000,2000
1,545,1362000,1362356,0,1105,1364000,2000
1,546,1364000,1364356,0,1605,1366000,2000
1,547,1366000,1366356,0,1619,1370000,4000
1,548,1370000,1370356,0,666,1372000,2000
1,549,1372000,1372356,0,1105,1374000,2000
1,550,1374000,1374356,0,1605,1376000,2000
1,551,1376000,1376356,0,1619,1380000,4000
1,552,1380000,1380356,0,666,1382000,2000
1,553,1382000,1382356,0,1105,1384000,2000
1,554,1384000,1384356,0,1605,1386000,2000
1,555,1386000,1386356,0,1619,1390000,4000
1,556,1390000,1390356,0,666,1392000,2000
1,557,1392000,1392356,0,1105,1394000,2000
1,558,1394000,1394356,0,1605,1396000,2000
1,559,1396000,1396356,0,1619,1400000,4000
1,560,1400000,1400356,0,666,1402000,2000
1,561,1402000,1402356,0,1105,1404000,2000
1,562,1404000,1404356,0,1605,1406000,2000
1,563,1406000,1406356,0,1619,1410000,4000
1,564,1410000,1410356,0,666,1412000,2000
1,565,1412000,1412356,0,1105,1414000,2000
1,566,1414000,1414356,0,1605,1416000,2000
1,567,1416000,1416356,0,1619,1420000,4000
1,568,1420000,1420356,0,666,1422000,2000
1,569,1422000,1422356,0,1105,1424000,2000
1,570,1424000,1424356,0,1605,1426000,2000
1,571,1426000,1426356,0,1619,1430000,4000
1,572,1430000,1430356,0,666,1432000,2000
1,573,1432000,1432356,0,1105,1434000,2000
1,574,1434000,1434356,0,1605,1436000,2000
1,575,1436000,1436356,0,1619,1440000,4000
1,576,1440000,1440356,0,666,1442000,2000
1,577,1442000,1442356,0,1105,1444000,2000
1,578,1444000,1444356,0,1605,1446000,2000
1,579,1446000,1446356,0,1619,1450000,4000
1,580,1450000,1450356,0,666,1452000,2000
1,581,1452000,1452356,0,1105,1454000,2000
1,582,1454000,1454356,0,1605,1456000,2000
1,583,1456000,1456356,0,1619,1460000,4000
1,584,1460000,1460356,0,666,1462000,2000
1,585,1462000,1462356,0,1105,1464000,2000
1,586,1464000,1464356,0,1605,1466000,2000
1,587,1466000,1466356,0,1619,1470000,4000
1,588,1470000,1470356,0,666,1472000,2000
1,589,1472000,1472356,0,1105,1474000,2000
1,590,1474000,1474356,0,1605,1476000,2000
1,591,1476000,1476356,0,1619,1480000,4000
1,592,1480000,1480356,0,666,1482000,2000
1,593,1482000,1482356,0,1105,1484000,2000
1,594,1484000,1484356,0,1605,1486000,2000
1,595,1486000,1486356,0,1619,1490000,4000
1,596,1490000,1490356,0,666,1492000,2000
1,597,1492000,1492356,0,1105,1494000,2000
1,598,1494000,1494356,0,1605,1496000,2000
1,599,1496000,1496356,0,1619,1500000,4000
1,600,1500000,1500356,0,666,1502000,2000
1,601,1502000,1502356,0,1105,1504000,2000
1,602,1504000,1504356,0,1605,1506000,2000
1,603,1506000,1506356,0,1619,1510000,4000
1,604,1510000,1510356,0,666,1512000,2000
1,605,1512000,1512356,0,1105,1514000,2000
1,606,1514000,1514356,0,1605,1516000,2000
1,607,1516000,1516356,0,1619,1520000,4000
1,608,1520000,1520356,0,666,1522000,2000
1,609,1522000,1522356,0,1105,1524000,2000
1,610,1524000,1524356,0,1605,1526000,2000
1,611,1526000,1526356,0,1619,1530000,4000
1,612,1530000,1530356,0,666,1532000,2000
1,613,1532000,1532356,0,1105,1534000,2000
1,614,1534000,1534356,0,1605,1536000,2000
1,615,1536000,1536356,0,1619,1540000,4000
1,616,1540000,1540356,0,666,1542000,2000
1,617,1542000,1542356,0,1105,1544000,2000
1,618,1544000,1544356,0,1605,1546000,2000
1,619,1546000,1546356,0,1619,1550000,4000
1,620,1550000,1550356,0,666,1552000,2000
1,621,1552000,1552356,0,1105,1554000,2000
1,622,1554000,1554356,0,1605,1556000,2000
1,623,1556000,1556356,0,1619,1560000,4000
1,624,1560000,1560356,0,666,1562000,2000
1,625,1562000,1562356,0,1105,1564000,2000
1,626,1564000,1564356,0,1605,1566000,2000
1,627,1566000,1566356,0,1619,1570000,4000
1,628,1570000,1570356,0,666,1572000,2000
1,629,1572000,1572356,0,1105,1574000,2000
1,630,1574000,1574356,0,1605,1576000,2000
1,631,1576000,1576356,0,1619,1580000,4000
1,632,1580000,1580356,0,666,1582000,2000
1,633,1582000,1582356,0,1105,1584000,2000
1,634,1584000,1584356,0,1605,1586000,2000
1,635,1586000,1586356,0,1619,1590000,4000
1,636,1590000,1590356,0,666,1592000,2000
1,637,1592000,1592356,0,1105,1594000,2000
1,638,1594000,1594356,0,1605,1596000,2000
1,639,1596000,1596356,0,1619,1600000,4000
1,640,1600000,1600356,0,666,1602000,2000
1,641,1602000,1602356,0,1105,1604000,2000
1,642,1604000,1604356,0,1605,1606000,2000
1,643,1606000,1606356,0,1619,1610000,4000
1,644,1610000,1610356,0,666,1612000,2000
1,645,1612000,1612356,0,1105,1614000,2000
1,646,1614000,1614356,0,1605,1616000,2000
1,647,1616000,1616356,0,1619,1620000,4000
1,648,1620000,1620356,0,666,1622000,2000
1,649,1622000,1622356,0,1105,1624000,2000
1,650,1624000,1624356,0,1605,1626000,2000
1,651,1626000,1626356,0,1619,1630000,4000
1,652,1630000,1630356,0,666,1632000,2000
1,653,1632000,1632356,0,1105,1634000,2000
1,654,1634000,1634356,0,1605,1636000,2000
1,655,1636000,1636356,0,1619,1640000,4000
1,656,1640000,1640356,0,666,1642000,2000
1,657,1642000,1642356,0,1105,1644000,2000
1,658,1644000,1644356,0,1605,1646000,2000
1,659,1646000,1646356,0,1619,1650000,4000
1,660,1650000,1650356,0,666,1652000,2000
1,661,1652000,1652356,0,1105,1654000,2000
1,662,1654000,1654356,0,1605,1656000,2000
1,663,1656000,1656356,0,1619,1660000,4000
1,664,1660000,1660356,0,666,1662000,2000
1,665,1662000,1662356,0,1105,1664000,2000
1,666,1664000,1664356,0,1605,1666000,2000
1,667,1666000,1666356,0,1619,1670000,4000
1,668,1670000,1670356,0,666,1672000,2000
1,669,1672000,1672356,0,1105,1674000,2000
1,670,1674000,1674356,0,1605,1676000,2000
1,671,1676000,1676356,0,1619,1680000,4000
1,672,1680000,1680356,0,666,1682000,2000
1,673,1682000,1682356,0,1105,1684000,2000
1,674,1684000,1684356,0,1605,1686000,2000
1,675,1686000,1686356,0,1619,1690000,4000
1,676,1690000,1690356,0,666,1692000,2000
1,677,1692000,1692356,0,1105,1694000,2000
1,678,1694000,1694356,0,1605,1696000,2000
1,679,1696000,1696356,0,1619,1700000,4000
1,680,1700000,1700356,0,666,1702000,2000
1,681,1702000,1702356,0,1105,1704000,2000
1,682,1704000,1704356,0,1605,1706000,2000
1,683,1706000,1706356,0,1619,1710000,4000
1,684,1710000,1710356,0,666,1712000,2000
1,685,1712000,1712356,0,1105,1714000,2000
1,686,1714000,1714356,0,1605,1716000,2000
1,687,1716000,1716356,0,1619,1720000,4000
1,688,1720000,1720356,0,666,1722000,2000
1,689,1722000,1722356,0,1105,1724000,2000
1,690,1724000,1724356,0,1605,1726000,2000
1,691,1726000,1726356,0,1619,1730000,4000
1,692,1730000,1730356,0,666,1732000,2000
1,693,1732000,1732356,0,1105,1734000,2000
1,694,1734000,1734356,0,1605,1736000,2000
1,695,1736000,1736356,0,1619,1740000,4000
1,696,1740000,1740356,0,666,1742000,2000
1,697,1742000,1742356,0,1105,1744000,2000
1,698,1744000,1744356,0,1605,1746000,2000
1,699,1746000,1746356,0,1619,1750000,4000
1,700,1750000,1750356,0,666,1752000,2000
1,701,1752000,1752356,0,1105,1754000,2000
1,702,1754000,1754356,0,1605,1756000,2000
1,703,1756000,1756356,0,1619,1760000,4000
1,704,1760000,1760356,0,666,1762000,2000
1,705,1762000,1762356,0,1105,1764000,2000
1,706,1764000,1764356,0,1605,1766000,2000
1,707,1766000,1766356,0,1619,1770000,4000
1,708,1770000,1770356,0,666,1772000,2000
1,709,1772000,1772356,0,1105,1774000,2000
1,710,1774000,1774356,0,1605,1776000,2000
1,711,1776000,1776356,0,1619,1780000,4000
1,712,1780000,1780356,0,666,1782000,2000
1,713,1782000,1782356,0,1105,1784000,2000
1,714,1784000,1784356,0,1605,1786000,2000
1,715,1786000,1786356,0,1619,1790000,4000
1,716,1790000,1790356,0,666,1792000,2000
1,717,1792000,1792356,0,1105,1794000,2000
1,718,1794000,1794356,0,1605,1796000,2000
1,719,1796000,1796356,0,1619,1800000,4000
1,720,1800000,1800356,0,666,1802000,2000
1,721,1802000,1802356,0,1105,1804000,2000
1,722,1804000,1804356,0,1605,1806000,2000
1,723,1806000,1806356,0,1619,1810000,4000
1,724,1810000,1810356,0,666,1812000,2000
1,725,1812000,1812356,0,1105,1814000,2000
1,726,1814000,1814356,0,1605,1816000,2000
1,727,1816000,1816356,0,1619,1820000,4000
1,728,1820000,1820356,0,666,1822000,2000
1,729,1822000,1822356,0,1105,1824000,2000
1,730,1824000,1824356,0,1605,1826000,2000
1,731,1826000,1826356,0,1619,1830000,4000
1,732,1830000,1830356,0,666,1832000,2000
1,733,1832000,1832356,0,1105,1834000,2000
1,734,1834000,1834356,0,1605,1836000,2000
1,735,1836000,1836356,0,1619,1840000,4000
1,736,1840000,1840356,0,666,1842000,2000
1,737,1842000,1842356,0,1105,1844000,2000
1,738,1844000,1844356,0,1605,1846000,2000
1,739,1846000,1846356,0,1619,1850000,4000
1,740,1850000,1850356,0,666,1852000,2000
1,741,1852000,1852356,0,1105,1854000,2000
1,742,1854000,1854356,0,1605,1856000,2000
1,743,1856000,1856356,0,1619,1860000,4000
1,744,1860000,1860356,0,666,1862000,2000
1,745,1862000,1862356,0,1105,1864000,2000
1,746,1864000,1864356,0,1605,1866000,2000
1,747,1866000,1866356,0,1619,1870000,4000
1,748,1870000,1870356,0,666,1872000,2000
1,749,1872000,1872356,0,1105,1874000,2000
1,750,1874000,1874356,0,1605,1876000,2000
1,751,1876000,1876356,0,1619,1880000,4000
1,752,1880000,1880356,0,666,1882000,2000
1,753,1882000,1882356,0,1105,1884000,2000
1,754,1884000,1884356,0,1605,1886000,2000
1,755,1886000,1886356,0,1619,1890000,4000
1,756,1890000,1890356,0,666,1892000,2000
1,757,1892000,1892356,0,1105,1894000,2000
1,758,1894000,1894356,0,1605,1896000,2000
1,759,1896000,1896356,0,1619,1900000,4000
1,760,1900000,1900356,0,666,1902000,2000
1,761,1902000,1902356,0,1105,1904000,2000
1,762,1904000,1904356,0,1605,1906000,2000
1,763,1906000,1906356,0,1619,1910000,4000
1,764,1910000,1910356,0,666,1912000,2000
1,765,1912000,1912356,0,1105,1914000,2000
1,766,1914000,1914356,0,1605,1916000,2000
1,767,1916000,1916356,0,1619,1920000,4000
1,768,1920000,1920356,0,666,1922000,2000
1,769,1922000,1922356,0,1105,1924000,2000
1,770,1924000,1924356,0,1605,1926000,2000
1,771,1926000,1926356,0,1619,1930000,4000
1,772,1930000,1930356,0,666,1932000,2000
1,773,1932000,1932356,0,1105,1934000,2000
1,774,1934000,1934356,0,1605,1936000,2000
1,775,1936000,1936356,0,1619,1940000,4000
1,776,1940000,1940356,0,666,1942000,2000
1,777,1942000,1942356,0,1105,1944000,2000
1,778,1944000,1944356,0,1605,1946000,2000
1,779,1946000,1946356,0,1619,1950000,4000
1,780,1950000,1950356,0,666,1952000,2000
1,781,1952000,1952356,0,1105,1954000,2000
1,782,1954000,1954356,0,1605,1956000,2000
1,783,1956000,1956356,0,1619,1960000,4000
1,784,1960000,1960356,0,666,1962000,2000
1,785,1962000,1962356,0,1105,1964000,2000
1,786,1964000,1964356,0,1605,1966000,2000
1,787,1966000,1966356,0,1619,1970000,4000
1,788,1970000,1970356,0,666,1972000,2000
1,789,1972000,1972356,0,1105,1974000,2000
1,790,1974000,1974356,0,1605,1976000,2000
1,791,1976000,1976356,0,1619,1980000,4000
1,792,1980000,1980356,0,666,1982000,2000
1,793,1982000,1982356,0,1105,1984000,2000
1,794,1984000,1984356,0,1605,1986000,2000
1,795,1986000,1986356,0,1619,1990000,4000
1,796,1990000,1990356,0,666,1992000,2000
1,797,1992000,1992356,0,1105,1994000,2000
1,798,1994000,1994356,0,1605,1996000,2000
1,799,1996000,1996356,0,1619,2000000,4000
1,800,2000000,2000356,0,666,2002000,2000
1,801,2002000,2002356,0,1105,2004000,2000
1,802,2004000,2004356,0,1605,2006000,2000
1,803,2006000,2006356,0,1619,2010000,4000
1,804,2010000,2010356,0,666,2012000,2000
1,805,2012000,2012356,0,1105,2014000,2000
1,806,2014000,2014356,0,1605,2016000,2000
1,807,2016000,2016356,0,1619,2020000,4000
1,808,2020000,2020356,0,666,2022000,2000
1,809,2022000,2022356,0,1105,2024000,2000
1,810,2024000,2024356,0,1605,2026000,2000
1,811,2026000,2026356,0,1619,2030000,4000
1,812,2030000,2030356,0,666,2032000,2000
1,813,2032000,2032356,0,1105,2034000,2000
1,814,2034000,2034356,0,1605,2036000,2000
1,815,2036000,2036356,0,1619,2040000,4000
1,816,2040000,2040356,0,666,2042000,2000
1,817,2042000,2042356,0,1105,2044000,2000
1,818,2044000,2044356,0,1605,2046000,2000
1,819,2046000,2046356,0,1619,2050000,4000
1,820,2050000,2050356,0,666,2052000,2000
1,821,2052000,2052356,0,1105,2054000,2000
1,822,2054000,2054356,0,1605,2056000,2000
1,823,2056000,2056356,0,1619,2060000,4000
1,824,2060000,2060356,0,666,2062000,2000
1,825,2062000,2062356,0,1105,2064000,2000
1,826,2064000,2064356,0,1605,2066000,2000
1,827,2066000,2066356,0,1619,2070000,4000
1,828,2070000,2070356,0,666,2072000,2000
1,829,2072000,2072356,0,1105,2074000,2000
1,830,2074000,2074356,0,1605,2076000,2000
1,831,2076000,2076356,0,1619,2080000,4000
1,832,2080000,2080356,0,666,2082000,2000
1,833,2082000,2082356,0,1105,2084000,2000
1,834,2084000,2084356,0,1605,2086000,2000
1,835,2086000,2086356,0,1619,2090000,4000
1,836,2090000,2090356,0,666,2092000,2000
1,837,2092000,2092356,0,1105,2094000,2000
1,838,2094000,2094356,0,1605,2096000,2000
1,839,2096000,2096356,0,1619,2100000,4000
1,840,2100000,2100356,0,666,2102000,2000
1,841,2102000,2102356,0,1105,2104000,2000
1,842,2104000,2104356,0,1605,2106000,2000
1,843,2106000,2106356,0,1619,2110000,4000
1,844,2110000,2110356,0,666,2112000,2000
1,845,2112000,2112356,0,1105,2114000,2000
1,846,2114000,2114356,0,1605,2116000,2000
1,847,2116000,2116356,0,1619,2120000,4000
1,848,2120000,2120356,0,666,2122000,2000
1,849,2122000,2122356,0,1105,2124000,2000
1,850,2124000,2124356,0,1605,2126000,2000
1,851,2126000,2126356,0,1619,2130000,4000
1,852,2130000,2130356,0,666,2132000,2000
1,853,2132000,2132356,0,1105,2134000,2000
1,854,2134000,2134356,0,1605,2136000,2000
1,855,2136000,2136356,0,1619,2140000,4000
1,856,2140000,2140356,0,666,2142000,2000
1,857,2142000,2142356,0,1105,2144000,2000
1,858,2144000,2144356,0,1605,2146000,2000
1,859,2146000,2146356,0,1619,2150000,4000
1,860,2150000,2150356,0,666,2152000,2000
1,861,2152000,2152356,0,1105,2154000,2000
1,862,2154000,2154356,0,1605,2156000,2000
1,863,2156000,2156356,0,1619,2160000,4000
1,864,2160000,2160356,0,666,2162000,2000
1,865,2162000,2162356,0,1105,2164000,2000
1,866,2164000,2164356,0,1605,2166000,2000
1,867,2166000,2166356,0,1619,2170000,4000
1,868,2170000,2170356,0,666,2172000,2000
1,869,2172000,2172356,0,1105,2174000,2000
1,870,2174000,2174356,0,1605,2176000,2000
1,871,2176000,2176356,0,1619,2180000,4000
1,872,2180000,2180356,0,666,2182000,2000
1,873,2182000,2182356,0,1105,2184000,2000
1,874,2184000,2184356,0,1605,2186000,2000
1,875,2186000,2186356,0,1619,2190000,4000
1,876,2190000,2190356,0,666,2192000,2000
1,877,2192000,2192356,0,1105,2194000,2000
1,878,2194000,2194356,0,1605,2196000,2000
1,879,2196000,2196356,0,1619,2200000,4000
1,880,2200000,2200356,0,666,2202000,2000
1,881,2202000,2202356,0,1105,2204000,2000
1,882,2204000,2204356,0,1605,2206000,2000
1,883,2206000,2206356,0,1619,2210000,4000
