Task ID,Job ID,Arrival min,Arrival max,Cost min,Cost max,Deadline,Priority
10,0,0,356,0,416,50000,4
9,0,0,356,0,3500,250000,4
8,0,0,356,0,1255,250000,4
7,0,0,356,0,12,50000,3
7,1,10000,10356,0,519,60000,3
7,2,20000,20356,0,403,70000,3
7,3,50000,50356,0,12,100000,3
7,4,60000,60356,0,519,110000,3
7,5,70000,70356,0,403,120000,3
7,6,100000,100356,0,12,150000,3
7,7,110000,110356,0,519,160000,3
7,8,120000,120356,0,403,170000,3
7,9,150000,150356,0,12,200000,3
7,10,160000,160356,0,519,210000,3
7,11,170000,170356,0,403,220000,3
7,12,200000,200356,0,12,250000,3
7,13,210000,210356,0,519,260000,3
7,14,220000,220356,0,403,270000,3
6,0,0,356,0,402,50000,3
6,1,50000,50356,0,402,100000,3
6,2,100000,100356,0,402,150000,3
6,3,150000,150356,0,402,200000,3
6,4,200000,200356,0,402,250000,3
5,0,0,356,0,339,10000,1
5,1,10000,10356,0,339,20000,1
5,2,20000,20356,0,339,30000,1
5,3,30000,30356,0,339,40000,1
5,4,40000,40356,0,339,50000,1
5,5,50000,50356,0,339,60000,1
5,6,60000,60356,0,339,70000,1
5,7,70000,70356,0,339,80000,1
5,8,80000,80356,0,339,90000,1
5,9,90000,90356,0,339,100000,1
5,10,100000,100356,0,339,110000,1
5,11,110000,110356,0,339,120000,1
5,12,120000,120356,0,339,130000,1
5,13,130000,130356,0,339,140000,1
5,14,140000,140356,0,339,150000,1
5,15,150000,150356,0,339,160000,1
5,16,160000,160356,0,339,170000,1
5,17,170000,170356,0,339,180000,1
5,18,180000,180356,0,339,190000,1
5,19,190000,190356,0,339,200000,1
5,20,200000,200356,0,339,210000,1
5,21,210000,210356,0,339,220000,1
5,22,220000,220356,0,339,230000,1
5,23,230000,230356,0,339,240000,1
5,24,240000,240356,0,339,250000,1
5,25,250000,250356,0,339,260000,1
5,26,260000,260356,0,339,270000,1
4,0,0,356,0,373,25000,2
4,1,25000,25356,0,373,50000,2
4,2,50000,50356,0,373,75000,2
4,3,75000,75356,0,373,100000,2
4,4,100000,100356,0,373,125000,2
4,5,125000,125356,0,373,150000,2
4,6,150000,150356,0,373,175000,2
4,7,175000,175356,0,373,200000,2
4,8,200000,200356,0,373,225000,2
4,9,225000,225356,0,373,250000,2
3,0,0,356,0,393,25000,2
3,1,25000,25356,0,393,50000,2
3,2,50000,50356,0,393,75000,2
3,3,75000,75356,0,393,100000,2
3,4,100000,100356,0,393,125000,2
3,5,125000,125356,0,393,150000,2
3,6,150000,150356,0,393,175000,2
3,7,175000,175356,0,393,200000,2
3,8,200000,200356,0,393,225000,2
3,9,225000,225356,0,393,250000,2
2,0,0,356,0,258,50000,3
2,1,50000,50356,0,258,100000,3
2,2,100000,100356,0,258,150000,3
2,3,150000,150356,0,258,200000,3
2,4,200000,200356,0,258,250000,3
1,0,0,356,0,414,50000,3
1,1,50000,50356,0,414,100000,3
1,2,100000,100356,0,414,150000,3
1,3,150000,150356,0,414,200000,3
1,4,200000,200356,0,414,250000,3
