Task ID,Job ID,Arrival min,Arrival max,Cost min,Cost max,Deadline,Priority
10,0,0,356,0,8668,20000,20000
10,1,20000,20356,0,8668,40000,20000
10,2,40000,40356,0,8668,60000,20000
10,3,60000,60356,0,8668,80000,20000
10,4,80000,80356,0,8668,100000,20000
10,5,100000,100356,0,8668,120000,20000
10,6,120000,120356,0,8668,140000,20000
10,7,140000,140356,0,8668,160000,20000
10,8,160000,160356,0,8668,180000,20000
10,9,180000,180356,0,8668,200000,20000
10,10,200000,200356,0,8668,220000,20000
10,11,220000,220356,0,8668,240000,20000
10,12,240000,240356,0,8668,260000,20000
10,13,260000,260356,0,8668,280000,20000
10,14,280000,280356,0,8668,300000,20000
10,15,300000,300356,0,8668,320000,20000
10,16,320000,320356,0,8668,340000,20000
10,17,340000,340356,0,8668,360000,20000
10,18,360000,360356,0,8668,380000,20000
10,19,380000,380356,0,8668,400000,20000
9,0,0,356,0,17723,50000,50000
9,1,50000,50356,0,17723,100000,50000
9,2,100000,100356,0,17723,150000,50000
9,3,150000,150356,0,17723,200000,50000
9,4,200000,200356,0,17723,250000,50000
9,5,250000,250356,0,17723,300000,50000
9,6,300000,300356,0,17723,350000,50000
9,7,350000,350356,0,17723,400000,50000
8,0,0,356,0,814,10000,10000
8,1,10000,10356,0,814,20000,10000
8,2,20000,20356,0,814,30000,10000
8,3,30000,30356,0,814,40000,10000
8,4,40000,40356,0,814,50000,10000
8,5,50000,50356,0,814,60000,10000
8,6,60000,60356,0,814,70000,10000
8,7,70000,70356,0,814,80000,10000
8,8,80000,80356,0,814,90000,10000
8,9,90000,90356,0,814,100000,10000
8,10,100000,100356,0,814,110000,10000
8,11,110000,110356,0,814,120000,10000
8,12,120000,120356,0,814,130000,10000
8,13,130000,130356,0,814,140000,10000
8,14,140000,140356,0,814,150000,10000
8,15,150000,150356,0,814,160000,10000
8,16,160000,160356,0,814,170000,10000
8,17,170000,170356,0,814,180000,10000
8,18,180000,180356,0,814,190000,10000
8,19,190000,190356,0,814,200000,10000
8,20,200000,200356,0,814,210000,10000
8,21,210000,210356,0,814,220000,10000
8,22,220000,220356,0,814,230000,10000
8,23,230000,230356,0,814,240000,10000
8,24,240000,240356,0,814,250000,10000
8,25,250000,250356,0,814,260000,10000
8,26,260000,260356,0,814,270000,10000
8,27,270000,270356,0,814,280000,10000
8,28,280000,280356,0,814,290000,10000
8,29,290000,290356,0,814,300000,10000
8,30,300000,300356,0,814,310000,10000
8,31,310000,310356,0,814,320000,10000
8,32,320000,320356,0,814,330000,10000
8,33,330000,330356,0,814,340000,10000
8,34,340000,340356,0,814,350000,10000
8,35,350000,350356,0,814,360000,10000
8,36,360000,360356,0,814,370000,10000
8,37,370000,370356,0,814,380000,10000
8,38,380000,380356,0,814,390000,10000
8,39,390000,390356,0,814,400000,10000
8,40,400000,400356,0,814,410000,10000
7,0,0,356,0,13022,100000,100000
7,1,100000,100356,0,13022,200000,100000
7,2,200000,200356,0,13022,300000,100000
7,3,300000,300356,0,13022,400000,100000
6,0,0,356,0,14586,20000,20000
6,1,20000,20356,0,14586,40000,20000
6,2,40000,40356,0,14586,60000,20000
6,3,60000,60356,0,14586,80000,20000
6,4,80000,80356,0,14586,100000,20000
6,5,100000,100356,0,14586,120000,20000
6,6,120000,120356,0,14586,140000,20000
6,7,140000,140356,0,14586,160000,20000
6,8,160000,160356,0,14586,180000,20000
6,9,180000,180356,0,14586,200000,20000
6,10,200000,200356,0,14586,220000,20000
6,11,220000,220356,0,14586,240000,20000
6,12,240000,240356,0,14586,260000,20000
6,13,260000,260356,0,14586,280000,20000
6,14,280000,280356,0,14586,300000,20000
6,15,300000,300356,0,14586,320000,20000
6,16,320000,320356,0,14586,340000,20000
6,17,340000,340356,0,14586,360000,20000
6,18,360000,360356,0,14586,380000,20000
6,19,380000,380356,0,14586,400000,20000
5,0,0,356,0,1645,100000,100000
5,1,100000,100356,0,1645,200000,100000
5,2,200000,200356,0,1645,300000,100000
5,3,300000,300356,0,1645,400000,100000
4,0,0,356,0,2465,100000,100000
4,1,100000,100356,0,2465,200000,100000
4,2,200000,200356,0,2465,300000,100000
4,3,300000,300356,0,2465,400000,100000
3,0,0,356,0,15003,20000,20000
3,1,20000,20356,0,15003,40000,20000
3,2,40000,40356,0,15003,60000,20000
3,3,60000,60356,0,15003,80000,20000
3,4,80000,80356,0,15003,100000,20000
3,5,100000,100356,0,15003,120000,20000
3,6,120000,120356,0,15003,140000,20000
3,7,140000,140356,0,15003,160000,20000
3,8,160000,160356,0,15003,180000,20000
3,9,180000,180356,0,15003,200000,20000
3,10,200000,200356,0,15003,220000,20000
3,11,220000,220356,0,15003,240000,20000
3,12,240000,240356,0,15003,260000,20000
3,13,260000,260356,0,15003,280000,20000
3,14,280000,280356,0,15003,300000,20000
3,15,300000,300356,0,15003,320000,20000
3,16,320000,320356,0,15003,340000,20000
3,17,340000,340356,0,15003,360000,20000
3,18,360000,360356,0,15003,380000,20000
3,19,380000,380356,0,15003,400000,20000
2,0,0,356,0,1724,10000,10000
2,1,10000,10356,0,1724,20000,10000
2,2,20000,20356,0,1724,30000,10000
2,3,30000,30356,0,1724,40000,10000
2,4,40000,40356,0,1724,50000,10000
2,5,50000,50356,0,1724,60000,10000
2,6,60000,60356,0,1724,70000,10000
2,7,70000,70356,0,1724,80000,10000
2,8,80000,80356,0,1724,90000,10000
2,9,90000,90356,0,1724,100000,10000
2,10,100000,100356,0,1724,110000,10000
2,11,110000,110356,0,1724,120000,10000
2,12,120000,120356,0,1724,130000,10000
2,13,130000,130356,0,1724,140000,10000
2,14,140000,140356,0,1724,150000,10000
2,15,150000,150356,0,1724,160000,10000
2,16,160000,160356,0,1724,170000,10000
2,17,170000,170356,0,1724,180000,10000
2,18,180000,180356,0,1724,190000,10000
2,19,190000,190356,0,1724,200000,10000
2,20,200000,200356,0,1724,210000,10000
2,21,210000,210356,0,1724,220000,10000
2,22,220000,220356,0,1724,230000,10000
2,23,230000,230356,0,1724,240000,10000
2,24,240000,240356,0,1724,250000,10000
2,25,250000,250356,0,1724,260000,10000
2,26,260000,260356,0,1724,270000,10000
2,27,270000,270356,0,1724,280000,10000
2,28,280000,280356,0,1724,290000,10000
2,29,290000,290356,0,1724,300000,10000
2,30,300000,300356,0,1724,310000,10000
2,31,310000,310356,0,1724,320000,10000
2,32,320000,320356,0,1724,330000,10000
2,33,330000,330356,0,1724,340000,10000
2,34,340000,340356,0,1724,350000,10000
2,35,350000,350356,0,1724,360000,10000
2,36,360000,360356,0,1724,370000,10000
2,37,370000,370356,0,1724,380000,10000
2,38,380000,380356,0,1724,390000,10000
2,39,390000,390356,0,1724,400000,10000
2,40,400000,400356,0,1724,410000,10000
1,0,0,356,0,11265,20000,20000
1,1,20000,20356,0,11265,40000,20000
1,2,40000,40356,0,11265,60000,20000
1,3,60000,60356,0,11265,80000,20000
1,4,80000,80356,0,11265,100000,20000
1,5,100000,100356,0,11265,120000,20000
1,6,120000,120356,0,11265,140000,20000
1,7,140000,140356,0,11265,160000,20000
1,8,160000,160356,0,11265,180000,20000
1,9,180000,180356,0,11265,200000,20000
1,10,200000,200356,0,11265,220000,20000
1,11,220000,220356,0,11265,240000,20000
1,12,240000,240356,0,11265,260000,20000
1,13,260000,260356,0,11265,280000,20000
1,14,280000,280356,0,11265,300000,20000
1,15,300000,300356,0,11265,320000,20000
1,16,320000,320356,0,11265,340000,20000
1,17,340000,340356,0,11265,360000,20000
1,18,360000,360356,0,11265,380000,20000
1,19,380000,380356,0,11265,400000,20000
