Task ID,Job ID,Arrival min,Arrival max,Cost min,Cost max,Deadline,Priority
6,0,0,356,0,1028,50000,50000
6,1,50000,50356,0,1728,100000,50000
5,0,0,356,0,938,2000,2000
5,1,2000,2356,0,938,4000,2000
5,2,4000,4356,0,938,6000,2000
5,3,6000,6356,0,938,8000,2000
5,4,8000,8356,0,938,10000,2000
5,5,10000,10356,0,938,12000,2000
5,6,12000,12356,0,938,14000,2000
5,7,14000,14356,0,938,16000,2000
5,8,16000,16356,0,938,18000,2000
5,9,18000,18356,0,938,20000,2000
5,10,20000,20356,0,938,22000,2000
5,11,22000,22356,0,938,24000,2000
5,12,24000,24356,0,938,26000,2000
5,13,26000,26356,0,938,28000,2000
5,14,28000,28356,0,938,30000,2000
5,15,30000,30356,0,938,32000,2000
5,16,32000,32356,0,938,34000,2000
5,17,34000,34356,0,938,36000,2000
5,18,36000,36356,0,938,38000,2000
5,19,38000,38356,0,938,40000,2000
5,20,40000,40356,0,938,42000,2000
5,21,42000,42356,0,938,44000,2000
5,22,44000,44356,0,938,46000,2000
5,23,46000,46356,0,938,48000,2000
5,24,48000,48356,0,938,50000,2000
5,25,50000,50356,0,938,52000,2000
5,26,52000,52356,0,938,54000,2000
5,27,54000,54356,0,938,56000,2000
5,28,56000,56356,0,938,58000,2000
5,29,58000,58356,0,938,60000,2000
5,30,60000,60356,0,938,62000,2000
5,31,62000,62356,0,938,64000,2000
5,32,64000,64356,0,938,66000,2000
5,33,66000,66356,0,938,68000,2000
5,34,68000,68356,0,938,70000,2000
5,35,70000,70356,0,938,72000,2000
5,36,72000,72356,0,938,74000,2000
5,37,74000,74356,0,938,76000,2000
5,38,76000,76356,0,938,78000,2000
5,39,78000,78356,0,938,80000,2000
5,40,80000,80356,0,938,82000,2000
5,41,82000,82356,0,938,84000,2000
5,42,84000,84356,0,938,86000,2000
5,43,86000,86356,0,938,88000,2000
5,44,88000,88356,0,938,90000,2000
5,45,90000,90356,0,938,92000,2000
5,46,92000,92356,0,938,94000,2000
5,47,94000,94356,0,938,96000,2000
5,48,96000,96356,0,938,98000,2000
5,49,98000,98356,0,938,100000,2000
5,50,100000,100356,0,938,102000,2000
4,0,0,356,0,1075,5000,5000
4,1,5000,5356,0,1052,10000,5000
4,2,10000,10356,0,1075,15000,5000
4,3,15000,15356,0,1052,20000,5000
4,4,20000,20356,0,1075,25000,5000
4,5,25000,25356,0,1052,30000,5000
4,6,30000,30356,0,1075,35000,5000
4,7,35000,35356,0,1052,40000,5000
4,8,40000,40356,0,1075,45000,5000
4,9,45000,45356,0,1052,50000,5000
4,10,50000,50356,0,1075,55000,5000
4,11,55000,55356,0,1052,60000,5000
4,12,60000,60356,0,1075,65000,5000
4,13,65000,65356,0,1052,70000,5000
4,14,70000,70356,0,1075,75000,5000
4,15,75000,75356,0,1052,80000,5000
4,16,80000,80356,0,1075,85000,5000
4,17,85000,85356,0,1052,90000,5000
4,18,90000,90356,0,1075,95000,5000
4,19,95000,95356,0,1052,100000,5000
3,0,0,356,0,2112,5000,5000
3,1,5000,5356,0,935,10000,5000
3,2,10000,10356,0,2112,15000,5000
3,3,15000,15356,0,935,20000,5000
3,4,20000,20356,0,2112,25000,5000
3,5,25000,25356,0,935,30000,5000
3,6,30000,30356,0,2112,35000,5000
3,7,35000,35356,0,935,40000,5000
3,8,40000,40356,0,2112,45000,5000
3,9,45000,45356,0,935,50000,5000
3,10,50000,50356,0,2112,55000,5000
3,11,55000,55356,0,935,60000,5000
3,12,60000,60356,0,2112,65000,5000
3,13,65000,65356,0,935,70000,5000
3,14,70000,70356,0,2112,75000,5000
3,15,75000,75356,0,935,80000,5000
3,16,80000,80356,0,2112,85000,5000
3,17,85000,85356,0,935,90000,5000
3,18,90000,90356,0,2112,95000,5000
3,19,95000,95356,0,935,100000,5000
2,0,0,356,0,1272,20000,20000
2,1,20000,20356,0,1272,40000,20000
2,2,40000,40356,0,1272,60000,20000
2,3,60000,60356,0,1272,80000,20000
2,4,80000,80356,0,1272,100000,20000
1,0,0,356,0,1219,5000,5000
1,1,5000,5356,0,1291,10000,5000
1,2,10000,10356,0,1219,15000,5000
1,3,15000,15356,0,1291,20000,5000
1,4,20000,20356,0,1219,25000,5000
1,5,25000,25356,0,1291,30000,5000
1,6,30000,30356,0,1219,35000,5000
1,7,35000,35356,0,1291,40000,5000
1,8,40000,40356,0,1219,45000,5000
1,9,45000,45356,0,1291,50000,5000
1,10,50000,50356,0,1219,55000,5000
1,11,55000,55356,0,1291,60000,5000
1,12,60000,60356,0,1219,65000,5000
1,13,65000,65356,0,1291,70000,5000
1,14,70000,70356,0,1219,75000,5000
1,15,75000,75356,0,1291,80000,5000
1,16,80000,80356,0,1219,85000,5000
1,17,85000,85356,0,1291,90000,5000
1,18,90000,90356,0,1219,95000,5000
1,19,95000,95356,0,1291,100000,5000
