Task ID,Job ID,Arrival min,Arrival max,Cost min,Cost max,Deadline,Priority
6,0,0,356,0,600,10000,10000
6,1,10000,10356,0,600,20000,10000
6,2,20000,20356,0,600,30000,10000
6,3,30000,30356,0,600,40000,10000
6,4,40000,40356,0,600,50000,10000
6,5,50000,50356,0,600,60000,10000
6,6,60000,60356,0,600,70000,10000
6,7,70000,70356,0,600,80000,10000
6,8,80000,80356,0,600,90000,10000
6,9,90000,90356,0,600,100000,10000
6,10,100000,100356,0,600,110000,10000
6,11,110000,110356,0,600,120000,10000
6,12,120000,120356,0,600,130000,10000
6,13,130000,130356,0,600,140000,10000
6,14,140000,140356,0,600,150000,10000
6,15,150000,150356,0,600,160000,10000
6,16,160000,160356,0,600,170000,10000
6,17,170000,170356,0,600,180000,10000
6,18,180000,180356,0,600,190000,10000
6,19,190000,190356,0,600,200000,10000
6,20,200000,200356,0,600,210000,10000
6,21,210000,210356,0,600,220000,10000
6,22,220000,220356,0,600,230000,10000
6,23,230000,230356,0,600,240000,10000
6,24,240000,240356,0,600,250000,10000
6,25,250000,250356,0,600,260000,10000
6,26,260000,260356,0,600,270000,10000
6,27,270000,270356,0,600,280000,10000
6,28,280000,280356,0,600,290000,10000
6,29,290000,290356,0,600,300000,10000
6,30,300000,300356,0,600,310000,10000
6,31,310000,310356,0,600,320000,10000
6,32,320000,320356,0,600,330000,10000
6,33,330000,330356,0,600,340000,10000
5,0,0,356,0,875,10000,10000
5,1,10000,10356,0,875,20000,10000
5,2,20000,20356,0,875,30000,10000
5,3,30000,30356,0,875,40000,10000
5,4,40000,40356,0,875,50000,10000
5,5,50000,50356,0,875,60000,10000
5,6,60000,60356,0,875,70000,10000
5,7,70000,70356,0,875,80000,10000
5,8,80000,80356,0,875,90000,10000
5,9,90000,90356,0,875,100000,10000
5,10,100000,100356,0,875,110000,10000
5,11,110000,110356,0,875,120000,10000
5,12,120000,120356,0,875,130000,10000
5,13,130000,130356,0,875,140000,10000
5,14,140000,140356,0,875,150000,10000
5,15,150000,150356,0,875,160000,10000
5,16,160000,160356,0,875,170000,10000
5,17,170000,170356,0,875,180000,10000
5,18,180000,180356,0,875,190000,10000
5,19,190000,190356,0,875,200000,10000
5,20,200000,200356,0,875,210000,10000
5,21,210000,210356,0,875,220000,10000
5,22,220000,220356,0,875,230000,10000
5,23,230000,230356,0,875,240000,10000
5,24,240000,240356,0,875,250000,10000
5,25,250000,250356,0,875,260000,10000
5,26,260000,260356,0,875,270000,10000
5,27,270000,270356,0,875,280000,10000
5,28,280000,280356,0,875,290000,10000
5,29,290000,290356,0,875,300000,10000
5,30,300000,300356,0,875,310000,10000
5,31,310000,310356,0,875,320000,10000
5,32,320000,320356,0,875,330000,10000
5,33,330000,330356,0,875,340000,10000
4,0,0,356,0,28551,50000,50000
4,1,50000,50356,0,28551,100000,50000
4,2,100000,100356,0,28551,150000,50000
4,3,150000,150356,0,28551,200000,50000
4,4,200000,200356,0,28551,250000,50000
4,5,250000,250356,0,28551,300000,50000
3,0,0,356,0,1663,1000,1000
3,1,1000,1356,0,1663,2000,1000
3,2,2000,2356,0,1663,3000,1000
3,3,3000,3356,0,1663,4000,1000
3,4,4000,4356,0,1663,5000,1000
3,5,5000,5356,0,1663,6000,1000
3,6,6000,6356,0,1663,7000,1000
3,7,7000,7356,0,1663,8000,1000
3,8,8000,8356,0,1663,9000,1000
3,9,9000,9356,0,1663,10000,1000
3,10,10000,10356,0,1663,11000,1000
3,11,11000,11356,0,1663,12000,1000
3,12,12000,12356,0,1663,13000,1000
3,13,13000,13356,0,1663,14000,1000
3,14,14000,14356,0,1663,15000,1000
3,15,15000,15356,0,1663,16000,1000
3,16,16000,16356,0,1663,17000,1000
3,17,17000,17356,0,1663,18000,1000
3,18,18000,18356,0,1663,19000,1000
3,19,19000,19356,0,1663,20000,1000
3,20,20000,20356,0,1663,21000,1000
3,21,21000,21356,0,1663,22000,1000
3,22,22000,22356,0,1663,23000,1000
3,23,23000,23356,0,1663,24000,1000
3,24,24000,24356,0,1663,25000,1000
3,25,25000,25356,0,1663,26000,1000
3,26,26000,26356,0,1663,27000,1000
3,27,27000,27356,0,1663,28000,1000
3,28,28000,28356,0,1663,29000,1000
3,29,29000,29356,0,1663,30000,1000
3,30,30000,30356,0,1663,31000,1000
3,31,31000,31356,0,1663,32000,1000
3,32,32000,32356,0,1663,33000,1000
3,33,33000,33356,0,1663,34000,1000
3,34,34000,34356,0,1663,35000,1000
3,35,35000,35356,0,1663,36000,1000
3,36,36000,36356,0,1663,37000,1000
3,37,37000,37356,0,1663,38000,1000
3,38,38000,38356,0,1663,39000,1000
3,39,39000,39356,0,1663,40000,1000
3,40,40000,40356,0,1663,41000,1000
3,41,41000,41356,0,1663,42000,1000
3,42,42000,42356,0,1663,43000,1000
3,43,43000,43356,0,1663,44000,1000
3,44,44000,44356,0,1663,45000,1000
3,45,45000,45356,0,1663,46000,1000
3,46,46000,46356,0,1663,47000,1000
3,47,47000,47356,0,1663,48000,1000
3,48,48000,48356,0,1663,49000,1000
3,49,49000,49356,0,1663,50000,1000
3,50,50000,50356,0,1663,51000,1000
3,51,51000,51356,0,1663,52000,1000
3,52,52000,52356,0,1663,53000,1000
3,53,53000,53356,0,1663,54000,1000
3,54,54000,54356,0,1663,55000,1000
3,55,55000,55356,0,1663,56000,1000
3,56,56000,56356,0,1663,57000,1000
3,57,57000,57356,0,1663,58000,1000
3,58,58000,58356,0,1663,59000,1000
3,59,59000,59356,0,1663,60000,1000
3,60,60000,60356,0,1663,61000,1000
3,61,61000,61356,0,1663,62000,1000
3,62,62000,62356,0,1663,63000,1000
3,63,63000,63356,0,1663,64000,1000
3,64,64000,64356,0,1663,65000,1000
3,65,65000,65356,0,1663,66000,1000
3,66,66000,66356,0,1663,67000,1000
3,67,67000,67356,0,1663,68000,1000
3,68,68000,68356,0,1663,69000,1000
3,69,69000,69356,0,1663,70000,1000
3,70,70000,70356,0,1663,71000,1000
3,71,71000,71356,0,1663,72000,1000
3,72,72000,72356,0,1663,73000,1000
3,73,73000,73356,0,1663,74000,1000
3,74,74000,74356,0,1663,75000,1000
3,75,75000,75356,0,1663,76000,1000
3,76,76000,76356,0,1663,77000,1000
3,77,77000,77356,0,1663,78000,1000
3,78,78000,78356,0,1663,79000,1000
3,79,79000,79356,0,1663,80000,1000
3,80,80000,80356,0,1663,81000,1000
3,81,81000,81356,0,1663,82000,1000
3,82,82000,82356,0,1663,83000,1000
3,83,83000,83356,0,1663,84000,1000
3,84,84000,84356,0,1663,85000,1000
3,85,85000,85356,0,1663,86000,1000
3,86,86000,86356,0,1663,87000,1000
3,87,87000,87356,0,1663,88000,1000
3,88,88000,88356,0,1663,89000,1000
3,89,89000,89356,0,1663,90000,1000
3,90,90000,90356,0,1663,91000,1000
3,91,91000,91356,0,1663,92000,1000
3,92,92000,92356,0,1663,93000,1000
3,93,93000,93356,0,1663,94000,1000
3,94,94000,94356,0,1663,95000,1000
3,95,95000,95356,0,1663,96000,1000
3,96,96000,96356,0,1663,97000,1000
3,97,97000,97356,0,1663,98000,1000
3,98,98000,98356,0,1663,99000,1000
3,99,99000,99356,0,1663,100000,1000
3,100,100000,100356,0,1663,101000,1000
3,101,101000,101356,0,1663,102000,1000
3,102,102000,102356,0,1663,103000,1000
3,103,103000,103356,0,1663,104000,1000
3,104,104000,104356,0,1663,105000,1000
3,105,105000,105356,0,1663,106000,1000
3,106,106000,106356,0,1663,107000,1000
3,107,107000,107356,0,1663,108000,1000
3,108,108000,108356,0,1663,109000,1000
3,109,109000,109356,0,1663,110000,1000
3,110,110000,110356,0,1663,111000,1000
3,111,111000,111356,0,1663,112000,1000
3,112,112000,112356,0,1663,113000,1000
3,113,113000,113356,0,1663,114000,1000
3,114,114000,114356,0,1663,115000,1000
3,115,115000,115356,0,1663,116000,1000
3,116,116000,116356,0,1663,117000,1000
3,117,117000,117356,0,1663,118000,1000
3,118,118000,118356,0,1663,119000,1000
3,119,119000,119356,0,1663,120000,1000
3,120,120000,120356,0,1663,121000,1000
3,121,121000,121356,0,1663,122000,1000
3,122,122000,122356,0,1663,123000,1000
3,123,123000,123356,0,1663,124000,1000
3,124,124000,124356,0,1663,125000,1000
3,125,125000,125356,0,1663,126000,1000
3,126,126000,126356,0,1663,127000,1000
3,127,127000,127356,0,1663,128000,1000
3,128,128000,128356,0,1663,129000,1000
3,129,129000,129356,0,1663,130000,1000
3,130,130000,130356,0,1663,131000,1000
3,131,131000,131356,0,1663,132000,1000
3,132,132000,132356,0,1663,133000,1000
3,133,133000,133356,0,1663,134000,1000
3,134,134000,134356,0,1663,135000,1000
3,135,135000,135356,0,1663,136000,1000
3,136,136000,136356,0,1663,137000,1000
3,137,137000,137356,0,1663,138000,1000
3,138,138000,138356,0,1663,139000,1000
3,139,139000,139356,0,1663,140000,1000
3,140,140000,140356,0,1663,141000,1000
3,141,141000,141356,0,1663,142000,1000
3,142,142000,142356,0,1663,143000,1000
3,143,143000,143356,0,1663,144000,1000
3,144,144000,144356,0,1663,145000,1000
3,145,145000,145356,0,1663,146000,1000
3,146,146000,146356,0,1663,147000,1000
3,147,147000,147356,0,1663,148000,1000
3,148,148000,148356,0,1663,149000,1000
3,149,149000,149356,0,1663,150000,1000
3,150,150000,150356,0,1663,151000,1000
3,151,151000,151356,0,1663,152000,1000
3,152,152000,152356,0,1663,153000,1000
3,153,153000,153356,0,1663,154000,1000
3,154,154000,154356,0,1663,155000,1000
3,155,155000,155356,0,1663,156000,1000
3,156,156000,156356,0,1663,157000,1000
3,157,157000,157356,0,1663,158000,1000
3,158,158000,158356,0,1663,159000,1000
3,159,159000,159356,0,1663,160000,1000
3,160,160000,160356,0,1663,161000,1000
3,161,161000,161356,0,1663,162000,1000
3,162,162000,162356,0,1663,163000,1000
3,163,163000,163356,0,1663,164000,1000
3,164,164000,164356,0,1663,165000,1000
3,165,165000,165356,0,1663,166000,1000
3,166,166000,166356,0,1663,167000,1000
3,167,167000,167356,0,1663,168000,1000
3,168,168000,168356,0,1663,169000,1000
3,169,169000,169356,0,1663,170000,1000
3,170,170000,170356,0,1663,171000,1000
3,171,171000,171356,0,1663,172000,1000
3,172,172000,172356,0,1663,173000,1000
3,173,173000,173356,0,1663,174000,1000
3,174,174000,174356,0,1663,175000,1000
3,175,175000,175356,0,1663,176000,1000
3,176,176000,176356,0,1663,177000,1000
3,177,177000,177356,0,1663,178000,1000
3,178,178000,178356,0,1663,179000,1000
3,179,179000,179356,0,1663,180000,1000
3,180,180000,180356,0,1663,181000,1000
3,181,181000,181356,0,1663,182000,1000
3,182,182000,182356,0,1663,183000,1000
3,183,183000,183356,0,1663,184000,1000
3,184,184000,184356,0,1663,185000,1000
3,185,185000,185356,0,1663,186000,1000
3,186,186000,186356,0,1663,187000,1000
3,187,187000,187356,0,1663,188000,1000
3,188,188000,188356,0,1663,189000,1000
3,189,189000,189356,0,1663,190000,1000
3,190,190000,190356,0,1663,191000,1000
3,191,191000,191356,0,1663,192000,1000
3,192,192000,192356,0,1663,193000,1000
3,193,193000,193356,0,1663,194000,1000
3,194,194000,194356,0,1663,195000,1000
3,195,195000,195356,0,1663,196000,1000
3,196,196000,196356,0,1663,197000,1000
3,197,197000,197356,0,1663,198000,1000
3,198,198000,198356,0,1663,199000,1000
3,199,199000,199356,0,1663,200000,1000
3,200,200000,200356,0,1663,201000,1000
3,201,201000,201356,0,1663,202000,1000
3,202,202000,202356,0,1663,203000,1000
3,203,203000,203356,0,1663,204000,1000
3,204,204000,204356,0,1663,205000,1000
3,205,205000,205356,0,1663,206000,1000
3,206,206000,206356,0,1663,207000,1000
3,207,207000,207356,0,1663,208000,1000
3,208,208000,208356,0,1663,209000,1000
3,209,209000,209356,0,1663,210000,1000
3,210,210000,210356,0,1663,211000,1000
3,211,211000,211356,0,1663,212000,1000
3,212,212000,212356,0,1663,213000,1000
3,213,213000,213356,0,1663,214000,1000
3,214,214000,214356,0,1663,215000,1000
3,215,215000,215356,0,1663,216000,1000
3,216,216000,216356,0,1663,217000,1000
3,217,217000,217356,0,1663,218000,1000
3,218,218000,218356,0,1663,219000,1000
3,219,219000,219356,0,1663,220000,1000
3,220,220000,220356,0,1663,221000,1000
3,221,221000,221356,0,1663,222000,1000
3,222,222000,222356,0,1663,223000,1000
3,223,223000,223356,0,1663,224000,1000
3,224,224000,224356,0,1663,225000,1000
3,225,225000,225356,0,1663,226000,1000
3,226,226000,226356,0,1663,227000,1000
3,227,227000,227356,0,1663,228000,1000
3,228,228000,228356,0,1663,229000,1000
3,229,229000,229356,0,1663,230000,1000
3,230,230000,230356,0,1663,231000,1000
3,231,231000,231356,0,1663,232000,1000
3,232,232000,232356,0,1663,233000,1000
3,233,233000,233356,0,1663,234000,1000
3,234,234000,234356,0,1663,235000,1000
3,235,235000,235356,0,1663,236000,1000
3,236,236000,236356,0,1663,237000,1000
3,237,237000,237356,0,1663,238000,1000
3,238,238000,238356,0,1663,239000,1000
3,239,239000,239356,0,1663,240000,1000
3,240,240000,240356,0,1663,241000,1000
3,241,241000,241356,0,1663,242000,1000
3,242,242000,242356,0,1663,243000,1000
3,243,243000,243356,0,1663,244000,1000
3,244,244000,244356,0,1663,245000,1000
3,245,245000,245356,0,1663,246000,1000
3,246,246000,246356,0,1663,247000,1000
3,247,247000,247356,0,1663,248000,1000
3,248,248000,248356,0,1663,249000,1000
3,249,249000,249356,0,1663,250000,1000
3,250,250000,250356,0,1663,251000,1000
3,251,251000,251356,0,1663,252000,1000
3,252,252000,252356,0,1663,253000,1000
3,253,253000,253356,0,1663,254000,1000
3,254,254000,254356,0,1663,255000,1000
3,255,255000,255356,0,1663,256000,1000
3,256,256000,256356,0,1663,257000,1000
3,257,257000,257356,0,1663,258000,1000
3,258,258000,258356,0,1663,259000,1000
3,259,259000,259356,0,1663,260000,1000
3,260,260000,260356,0,1663,261000,1000
3,261,261000,261356,0,1663,262000,1000
3,262,262000,262356,0,1663,263000,1000
3,263,263000,263356,0,1663,264000,1000
3,264,264000,264356,0,1663,265000,1000
3,265,265000,265356,0,1663,266000,1000
3,266,266000,266356,0,1663,267000,1000
3,267,267000,267356,0,1663,268000,1000
3,268,268000,268356,0,1663,269000,1000
3,269,269000,269356,0,1663,270000,1000
3,270,270000,270356,0,1663,271000,1000
3,271,271000,271356,0,1663,272000,1000
3,272,272000,272356,0,1663,273000,1000
3,273,273000,273356,0,1663,274000,1000
3,274,274000,274356,0,1663,275000,1000
3,275,275000,275356,0,1663,276000,1000
3,276,276000,276356,0,1663,277000,1000
3,277,277000,277356,0,1663,278000,1000
3,278,278000,278356,0,1663,279000,1000
3,279,279000,279356,0,1663,280000,1000
3,280,280000,280356,0,1663,281000,1000
3,281,281000,281356,0,1663,282000,1000
3,282,282000,282356,0,1663,283000,1000
3,283,283000,283356,0,1663,284000,1000
3,284,284000,284356,0,1663,285000,1000
3,285,285000,285356,0,1663,286000,1000
3,286,286000,286356,0,1663,287000,1000
3,287,287000,287356,0,1663,288000,1000
3,288,288000,288356,0,1663,289000,1000
3,289,289000,289356,0,1663,290000,1000
3,290,290000,290356,0,1663,291000,1000
3,291,291000,291356,0,1663,292000,1000
3,292,292000,292356,0,1663,293000,1000
3,293,293000,293356,0,1663,294000,1000
3,294,294000,294356,0,1663,295000,1000
3,295,295000,295356,0,1663,296000,1000
3,296,296000,296356,0,1663,297000,1000
3,297,297000,297356,0,1663,298000,1000
3,298,298000,298356,0,1663,299000,1000
3,299,299000,299356,0,1663,300000,1000
3,300,300000,300356,0,1663,301000,1000
3,301,301000,301356,0,1663,302000,1000
3,302,302000,302356,0,1663,303000,1000
3,303,303000,303356,0,1663,304000,1000
3,304,304000,304356,0,1663,305000,1000
3,305,305000,305356,0,1663,306000,1000
3,306,306000,306356,0,1663,307000,1000
3,307,307000,307356,0,1663,308000,1000
3,308,308000,308356,0,1663,309000,1000
3,309,309000,309356,0,1663,310000,1000
3,310,310000,310356,0,1663,311000,1000
3,311,311000,311356,0,1663,312000,1000
3,312,312000,312356,0,1663,313000,1000
3,313,313000,313356,0,1663,314000,1000
3,314,314000,314356,0,1663,315000,1000
3,315,315000,315356,0,1663,316000,1000
3,316,316000,316356,0,1663,317000,1000
3,317,317000,317356,0,1663,318000,1000
3,318,318000,318356,0,1663,319000,1000
3,319,319000,319356,0,1663,320000,1000
3,320,320000,320356,0,1663,321000,1000
3,321,321000,321356,0,1663,322000,1000
3,322,322000,322356,0,1663,323000,1000
3,323,323000,323356,0,1663,324000,1000
3,324,324000,324356,0,1663,325000,1000
3,325,325000,325356,0,1663,326000,1000
3,326,326000,326356,0,1663,327000,1000
3,327,327000,327356,0,1663,328000,1000
3,328,328000,328356,0,1663,329000,1000
3,329,329000,329356,0,1663,330000,1000
3,330,330000,330356,0,1663,331000,1000
3,331,331000,331356,0,1663,332000,1000
3,332,332000,332356,0,1663,333000,1000
3,333,333000,333356,0,1663,334000,1000
3,334,334000,334356,0,1663,335000,1000
3,335,335000,335356,0,1663,336000,1000
3,336,336000,336356,0,1663,337000,1000
3,337,337000,337356,0,1663,338000,1000
3,338,338000,338356,0,1663,339000,1000
3,339,339000,339356,0,1663,340000,1000
3,340,340000,340356,0,1663,341000,1000
3,341,341000,341356,0,1663,342000,1000
3,342,342000,342356,0,1663,343000,1000
3,343,343000,343356,0,1663,344000,1000
2,0,0,356,0,1098,20000,20000
2,1,20000,20356,0,1098,40000,20000
2,2,40000,40356,0,1098,60000,20000
2,3,60000,60356,0,1098,80000,20000
2,4,80000,80356,0,1098,100000,20000
2,5,100000,100356,0,1098,120000,20000
2,6,120000,120356,0,1098,140000,20000
2,7,140000,140356,0,1098,160000,20000
2,8,160000,160356,0,1098,180000,20000
2,9,180000,180356,0,1098,200000,20000
2,10,200000,200356,0,1098,220000,20000
2,11,220000,220356,0,1098,240000,20000
2,12,240000,240356,0,1098,260000,20000
2,13,260000,260356,0,1098,280000,20000
2,14,280000,280356,0,1098,300000,20000
2,15,300000,300356,0,1098,320000,20000
2,16,320000,320356,0,1098,340000,20000
1,0,0,356,0,1051,100000,100000
1,1,100000,100356,0,1051,200000,100000
1,2,200000,200356,0,1051,300000,100000
